4622
8300
4996
3860
1296
9984
8843
6166
5136
5618
5610
9777
7093
44
3173
6718
3246
7841
4374
7681
1207
8832
1746
1549
4837
4696
2071
608
1642
9763
3086
4251
9426
2986
825
8066
1413
4789
7565
7040
1921
2078
7182
1381
7913
7007
6810
884
5237
284
1146
9168
2243
7781
8482
2188
7591
9991
5603
6405
3535
7478
2064
751
743
1903
3024
3086
5807
1411
3840
6241
7978
1222
8884
939
7400
5112
1725
2889
3122
1148
3689
9168
5516
5511
3102
4655
4373
1527
8045
2711
918
7147
1342
5573
9250
3013
7667
8987
320
4990
9162
2512
9431
9582
7755
1598
6497
7993
9493
73
6779
4773
8639
1981
8683
9967
7010
9857
4354
9469
7116
2469
8253
6882
6003
8818
8676
1620
395
6751
7278
2197
2741
3944
2054
705
2045
6196
9943
4316
3002
2977
6250
2334
1894
3028
9410
2781
7925
3403
1284
805
4256
3823
5129
2293
3851
4454
5651
9991
1427
9303
8166
6169
4322
9314
6756
5393
1851
8909
4563
3335
4898
7298
2844
2718
4875
1122
9289
5453
3951
8196
224
840
6504
3021
5804
3293
5109
3526
2063
9476
3074
5040
8786
3942
9510
1918
7555
4452
2252
9406
58
2951
8531
8359
2740
5891
3281
3246
252
8035
150
9515
6770
7190
885
9815
1247
3409
4618
9873
9910
5122
9741
3849
6929
6378
7593
5918
2060
3933
8941
9498
2300
267
1404
8067
3093
8766
8353
1827
3487
310
7612
2607
8786
6278
1297
5360
3678
1585
6530
8339
8653
2800
443
5640
2536
601
1858
5170
4446
2879
6365
2284
9119
4645
1120
4379
634
3572
633
4511
858
5476
5033
2776
629
2327
7891
2615
3612
6489
1510
5482
5070
8817
3813
1366
369
4928
2424
4568
935
3565
8354
3809
8597
3261
3829
3263
2777
8724
6220
6441
8814
6324
2781
7966
9880
8851
8962
9245
9395
3322
6431
2795
5612
2038
5610
6551
5173
6297
1553
3882
7773
4246
1260
7206
9856
9166
5176
3159
1221
2195
5537
5028
4811
3925
9471
3853
6572
2655
5329
3018
9247
3122
6570
2410
1253
8506
8731
7315
9343
204
1481
4090
1711
4398
9591
9355
6352
1839
3747
1949
8054
7377
4582
7231
6228
8806
1037
1433
4916
325
7219
9710
5808
4571
309
5319
4843
8562
5720
8898
3092
3130
4734
6225
2981
2466
4142
27
1663
242
7017
6411
4355
1461
8697
9330
1777
4636
2304
7106
7534
7223
3657
3500
3169
8304
6329
2082
966
6459
3777
6689
7114
7476
6955
2705
773
6103
2637
3536
7784
8383
9796
4188
1297
6296
8820
9201
5426
4405
1064
5267
2183
8982
4346
9876
6422
3713
3307
6038
8289
2486
2270
9745
7753
8992
2223
1175
1220
4919
2855
2890
5913
3365
5181
8249
3756
1766
248
1093
2810
9108
4639
3396
986
5500
4054
1029
3698
8256
2117
9026
4418
7588
2741
6824
4666
6712
877
842
7869
5724
8273
6443
9747
5951
7995
3852
6408
1653
3898
2901
152
8923
8964
9639
2162
7431
9498
3761
706
9259
523
9590
3252
479
1420
4905
993
5381
9838
1316
4664
268
6195
7042
1269
3611
742
8004
2335
2010
64
5944
5672
6896
153
2904
4250
5186
8729
9879
7776
8229
378
3693
4833
7267
4233
216
6017
390
5431
3948
1424
5491
8390
3679
9041
6087
2050
1432
4129
2031
4680
7240
3511
5122
8571
5442
2842
420
3017
9098
9401
7657
7324
7936
7703
3572
4309
1756
336
5208
8706
5664
1819
6264
4225
5643
8996
3446
7621
3035
7497
7415
8076
4279
140
3426
5411
7939
9808
30
1234
4442
6276
324
2982
5262
3758
9143
1995
7326
3527
1311
3264
5306
3854
634
6300
9168
7727
6637
3675
6855
7359
6241
6241
2302
3281
544
1760
7104
5028
2647
6743
141
9838
1110
9659
3176
5597
4979
7361
2050
4311
617
5574
2470
2839
7567
8584
6583
8279
545
2900
1539
6459
7333
4580
4072
3322
7805
176
5753
617
7635
6778
2038
9313
1299
7536
4456
6380
2946
5213
9401
3218
413
7800
8842
6877
7193
7049
7965
8438
9555
2897
2297
6461
1130
4177
2153
7228
5316
8760
5403
7657
6578
4330
482
1248
5385
4372
362
2180
7900
2603
4729
7757
791
3121
2038
4835
3552
2803
5288
1525
5599
7131
5369
1560
3058
552
3686
4967
637
7724
1353
5421
7279
2536
5733
1559
382
7697
6354
6836
2304
8834
1281
79
4579
3554
1940
6826
9833
7729
9072
9688
8721
8373
4988
4578
9395
4922
7660
8415
9969
8469
277
3107
252
1557
5862
72
7626
9513
304
9307
3343
7975
8733
7144
9769
274
9536
7188
6124
2615
7538
9688
130
4652
2842
5574
5644
7960
4692
2780
1831
5153
311
4062
7719
7967
7148
7557
7086
3486
3205
3527
2552
3871
4210
3385
4454
6441
8255
9961
9653
7792
8251
1192
7754
7700
34
2944
7397
6056
9298
514
3245
8765
3638
2513
5099
6637
6982
5278
4168
4651
2390
754
7929
7646
5817
5877
4255
2517
7808
6866
7532
6268
2278
7569
4303
3899
1552
7024
3711
76
4672
7732
8416
3697
1579
2795
5009
5121
9268
7027
9022
1599
7238
4429
8552
7720
8657
2003
2256
4093
524
7783
2002
9361
833
9173
7820
7730
3225
6196
2971
6621
9963
3124
9914
6818
2182
1079
3752
536
2320
3671
8349
1186
7394
7526
1707
2318
3361
9616
1434
2205
187
3731
8178
4837
4430
9140
4740
7718
1187
5491
1263
1788
42
9376
2355
9042
304
9600
313
8954
9263
187
9708
5720
3475
2408
2497
4475
7117
9709
9588
6165
3378
2344
4290
7543
4532
1675
5447
4880
3844
7690
3241
7431
7788
7079
8583
9404
204
3387
7856
7281
937
5208
8321
2665
290
3176
5968
9550
7185
1582
6779
8876
3307
5853
4432
2540
7704
2847
2330
3674
6333
6931
5496
9916
8856
1154
8353
1632
632
9491
7713
7643
1293
3059
6382
6833
2545
528
1727
5235
6933
502
5251
4657
6157
1561
3801
741
2261
3877
339
5445
7487
4808
2429
1386
8954
9760
9511
3217
2412
8713
5883
4273
5296
8304
4863
5088
3064
9110
1057
4062
4356
7875
1872
9564
9917
4825
6445
7044
7416
6930
43
4371
9296
8982
4614
3518
3622
5715
1675
6987
8532
9833
2024
2893
9324
2784
7819
3536
3496
7369
6543
8418
3104
3909
3057
4215
5722
4530
5505
968
4937
3406
3186
5912
8870
4276
9672
3785
501
410
2420
5179
6734
6339
947
2601
4071
5154
9196
7227
7528
9908
4184
8050
6006
2782
2207
9111
1691
1072
5959
9785
3293
4730
743
7758
2906
6284
5638
4210
4115
224
5955
6011
4598
5654
6609
253
9941
2933
2138
2350
6605
2336
8018
77
1098
307
9638
2455
9264
6834
9869
4158
4303
5646
3477
3272
4645
7473
6831
2635
3141
5445
4308
2755
7135
865
8610
7352
4958
7038
793
933
8131
8628
7237
1499
144
4095
5011
479
2042
9165
4122
6274
2290
4
4998
7444
3337
5784
2222
6473
188
1678
1007
5309
6869
4953
1185
9429
5157
8825
4618
8037
6195
972
5809
4208
9665
6227
2266
265
7122
5860
674
479
5730
9055
7314
5331
6207
5742
6305
8970
4071
3767
7261
4268
6429
7520
4701
7928
7492
9635
5190
1454
4771
2125
4595
2496
4464
8416
7051
5065
8936
3136
9298
6414
1402
2238
8895
3011
2914
2053
2465
7967
4587
2212
643
7498
3636
4019
9645
4594
5230
2831
5508
3907
3443
269
5970
3066
3650
9673
6657
2127
5591
6111
2824
4646
1039
474
5222
1024
2514
5709
8845
7156
9787
2079
6268
9206
9090
7479
3125
8354
5855
8339
1803
7743
5609
6361
941
7541
9164
6476
2447
3011
7702
1785
4883
4809
478
1957
1852
324
2927
2596
6719
9844
5759
4420
480
1516
6258
2738
7859
4703
1471
9692
7843
2134
9197
3986
8766
7474
6804
5431
4789
6421
9736
4516
156
6232
1309
442
9965
726
2895
4590
1360
5208
8894
190
7030
8537
4065
3169
3675
7591
1694
3567
1738
2773
9880
1716
9073
1860
9753
8444
487
3517
3844
3998
7113
1079
5028
6041
4430
1849
6446
3167
5408
7061
669
6660
5757
2939
1975
9909
1498
3804
9060
1831
5252
4068
6784
7956
6482
7140
4598
383
2713
5744
6205
5743
3260
9982
9687
8507
4354
6568
9860
5503
4740
5103
4919
6336
3773
5022
7588
3587
9849
9851
6925
6075
5602
3847
707
8303
7718
9717
9865
9243
3439
5153
5857
4056
2881
174
9042
3034
6145
6958
1129
3079
6837
8691
7612
8372
9142
4292
6718
8554
3837
1350
9859
4664
9773
546
4826
5399
1238
964
7034
8816
8365
7220
6042
7514
7285
6126
4207
8540
9064
2744
1920
2784
1658
3090
9125
2489
7063
3529
5989
9610
6655
4909
6554
2269
1318
2914
7913
1281
9344
4730
4074
3856
4359
6173
8037
6948
7546
2681
7799
8460
3283
2246
2039
519
5004
8238
9020
5387
8550
5361
7921
1234
3573
2514
5220
1914
9668
2205
49
2238
2803
7356
1460
7741
9380
2810
7497
5916
9753
689
596
4043
443
5828
6393
7298
4391
4
3321
9667
1616
1340
8513
9309
8432
8412
1487
9516
1937
6879
833
6163
7971
178
704
2645
4912
4827
3292
3686
2748
5141
680
133
6710
1845
4454
7858
7414
3946
4284
5242
4953
3507
7336
5356
2637
8498
8802
923
7229
9796
100
2408
6404
4544
5378
2200
900
9631
8842
713
8374
5805
5092
3468
8328
5087
2219
1752
2625
1576
2677
3253
4114
8470
122
3259
6655
2197
1337
1459
3448
7916
1127
4134
6986
9317
4641
6662
3176
9672
5958
6615
4218
360
3980
3469
9682
7732
6678
6965
2891
9114
2557
2488
193
3975
3847
8493
4004
6850
9382
7962
6598
4495
6355
3170
541
890
9263
580
3394
261
1179
656
8855
31
7252
5527
3852
2788
2772
6006
1274
8751
8537
8298
1011
7976
4321
9853
7752
4599
7246
3328
2595
3781
5593
7361
6955
5692
149
2959
1460
9889
4610
4724
9593
7723
3723
6800
5666
44
2859
4520
9391
2407
5572
4010
4794
210
6276
3687
9508
1772
3664
3549
1573
8215
6736
424
4796
5200
9368
9928
464
3056
1259
8804
2716
8657
2767
4500
7263
4516
8674
2387
8289
7994
1227
4845
6354
6269
5956
616
917
765
4690
7255
4687
8124
8977
4303
3432
3448
3677
9903
4113
5588
4875
8963
6228
3503
8470
6687
6144
7392
5794
7325
1812
8171
455
4332
5773
4169
6202
4771
7653
4433
9100
7756
3424
3921
8519
4020
7652
7038
544
1258
6660
2462
4287
7826
5098
4019
6274
5556
5733
9484
603
999
2471
1608
2872
3230
9586
3428
4040
5515
5917
2968
6294
7582
1408
802
6788
5029
4779
7646
6677
2486
5339
8126
2241
7553
9005
1179
2136
3232
8429
7171
9749
7617
9811
6743
2533
935
4457
6633
770
1676
1427
3287
6693
5525
8706
5941
1149
3071
4298
7038
9046
4869
5294
9326
6740
5320
2581
5813
4170
58
1169
847
2112
5040
1283
8043
207
9403
3368
3514
4555
8273
912
916
4645
6178
8635
8190
8112
6526
9969
4572
8413
7641
7010
421
4877
1297
8153
1741
6801
5388
3477
5871
3266
8381
5612
4763
8152
9565
4292
7518
5505
5744
6111
4377
3817
1978
7069
276
9052
1267
4448
7215
5351
5656
6248
1211
9177
9126
991
1407
7419
879
8029
6012
2438
6110
8665
2209
7390
238
1384
4878
3271
1679
261
2069
5104
7747
4246
3496
8419
8014
6407
2049
8775
9552
6475
7258
6435
8897
7051
4011
5522
6277
3701
9395
1977
8661
1822
5491
7484
9549
8655
6189
7125
5042
7097
1655
7023
7732
9073
4917
4449
2186
150
1281
6965
8419
3793
2706
9053
2632
3218
6151
4372
7713
1133
6953
9313
9528
2844
5789
8812
8843
6158
478
8555
2905
2340
1947
8619
5146
5934
7072
2381
6257
7736
9753
1092
4966
4375
5607
8874
2259
50
4949
5143
8495
781
3368
1419
8876
9241
9112
7344
9106
8669
1775
6350
9673
7696
7290
4858
4210
3997
156
166
4606
3597
4954
1241
3182
4395
5739
3529
94
7023
3693
3574
2392
3476
523
1778
9640
4145
7554
1914
9875
6865
8188
4186
8815
7349
4446
4536
4692
9020
6726
6682
876
1654
9525
4941
8508
2457
4934
5264
1815
277
9968
9115
9432
3478
3447
9842
6129
4676
3057
4000
659
1013
3474
719
7090
6953
1982
672
8952
7657
8895
2446
7819
4943
6273
8187
499
4531
9892
2287
1945
2855
6290
6580
4190
4037
8764
2998
5132
2810
3670
9996
4853
7143
1112
2166
1278
5129
2149
3414
1479
4266
8035
2830
9661
7726
5679
8965
7992
1382
7512
2602
1828
7453
3245
299
6580
5446
5639
1027
9520
8752
2309
5987
6151
5737
875
7400
7408
7457
5274
5434
933
214
6965
3767
6943
115
5908
3281
6771
8502
2708
344
108
1661
5120
766
5144
5599
9224
3070
4348
6802
8015
5029
7468
2906
7900
5532
2483
2972
6638
9835
4688
5684
4658
9971
3885
5192
5320
3681
9733
8541
8735
4623
5707
5706
8038
3787
2846
3046
6609
7092
5460
3726
9718
6918
2351
4073
4263
6002
8714
3156
5866
543
5869
3985
3433
5646
8233
8624
7476
283
9555
6242
10
858
3307
2698
595
2138
5361
2552
5266
1840
594
9625
2491
471
8898
156
3052
1169
247
3435
8809
5217
2899
8354
8650
7701
3616
785
8653
4295
3859
5868
7433
4615
1321
1377
6993
9707
1867
3154
3997
1310
2982
1301
6314
8298
6172
6248
4936
1391
2386
7169
1927
641
1533
1264
915
1459
4396
1376
7850
4047
2880
1137
6210
7946
2382
1349
2674
8152
8334
8715
6381
1710
7458
8131
7333
4078
3119
2798
7240
2624
3331
2151
9179
629
9405
6231
770
8877
3027
6542
9298
3512
9628
7650
6177
8228
6310
840
2458
6043
3318
981
6724
920
9056
432
1618
2334
9982
9295
5515
6498
8397
9597
1403
6425
3065
2123
5893
9251
9903
8491
7472
3334
2557
7829
4620
9498
5599
6932
1175
520
6251
5140
8503
457
4118
335
1426
712
2218
448
7613
2916
6751
5643
8205
9600
7524
9962
796
2434
5713
7614
4600
4352
733
8341
1600
6291
3395
8312
6799
1440
8230
7878
5312
9937
3897
5148
3956
4752
6915
4868
257
5134
634
5338
2338
7459
8290
2235
9022
4546
6298
7107
670
3625
1494
35
7770
9982
3967
513
6086
8027
5311
7932
4316
4039
657
3229
2615
5163
1706
6249
8115
7352
7093
9136
6594
934
5913
4696
7840
6190
0
82
5943
2960
621
372
4704
7620
5696
3662
2707
8023
4297
9152
2190
1968
6282
2356
771
7603
6187
7052
5370
4802
2208
1895
3180
4989
3025
678
5447
3162
7517
9198
5963
9932
5004
8357
7713
3265
6545
2720
7882
9339
1033
6055
3573
9414
3374
591
8019
4952
5830
4684
9793
6335
7821
4368
5612
1519
3878
7897
658
9666
4257
8767
9063
1418
7804
1969
1174
1831
2041
229
3515
4205
1193
1880
2011
3022
8860
9657
8935
2084
8403
179
9319
9510
765
7196
3094
4752
6391
7755
5111
4025
5193
9385
6379
9612
6122
8095
6345
5420
5755
1554
7831
5819
3574
9149
3405
7347
95
800
4341
3148
2883
9384
1114
8179
4593
7405
7404
9146
6686
7155
7959
6895
2213
5043
4358
560
1167
4961
1692
2158
2279
2630
3508
7502
5883
2718
1961
4324
3465
3161
5061
1341
875
6636
3148
2581
3804
7398
2278
9793
6131
2800
3071
1977
3976
2750
9767
5178
917
7060
5711
7540
2701
203
8313
4340
3033
5340
8633
5226
5491
4646
8183
1182
523
947
8272
1923
573
6451
5298
5315
880
8003
8726
9233
8265
4651
7204
2783
5288
2592
2248
8258
2592
4576
8237
7344
7932
5716
2075
5127
6431
5295
5817
3289
2932
4681
784
9471
3981
4706
2273
3271
3917
1994
9812
593
6840
2645
9107
7113
3800
3385
8322
8550
2474
4853
3128
93
4772
9055
2084
9871
6384
3148
6358
1656
1079
4743
5506
139
1742
9663
4125
8051
9593
1725
2521
8175
2792
5508
8264
4859
5743
7336
4451
9029
808
6683
4829
7889
4824
129
5548
5525
3897
2618
8239
3422
1232
6253
9354
575
4430
5181
6275
1279
668
6177
1551
4991
396
8508
2824
6683
2843
3338
7467
8023
9467
2502
7809
9404
4725
8831
4897
351
7064
5358
6200
1156
6865
8734
5410
1749
2212
2963
526
4714
7854
3169
9800
8165
7466
5526
3804
748
4426
8711
5845
5417
1715
4282
2303
834
7270
8231
9046
9263
7131
3632
41
7624
5075
4787
9496
4044
4071
6557
9448
5650
1855
8661
562
4644
208
3674
5101
8745
5087
9136
7522
8986
2689
8771
9939
2546
4707
5132
6843
793
4600
6182
5882
3068
5497
1281
9245
4837
9538
7847
3266
4815
7908
8563
2227
9410
571
415
6002
4412
4855
1085
220
3236
2372
5237
1880
8229
4522
3126
3020
6553
7832
6597
9928
4982
1718
3026
5672
8595
2921
6049
9239
6774
2821
3040
5477
6195
6103
3185
6192
4566
1856
6755
4268
739
1076
5716
9456
6548
7734
8155
6633
3197
4151
4186
4722
386
5197
8960
7251
9458
31
9203
3550
2826
4521
3323
2984
692
2304
1506
3264
2624
7486
1496
7923
5974
7419
7752
7298
5288
9684
6562
2018
6885
3447
7342
7911
602
1681
829
6480
6326
7412
8168
5687
6408
4089
1007
1606
6268
7482
1610
2731
4631
4070
3746
5196
1663
8804
9644
8973
8011
3328
5650
2232
246
4280
9414
3500
8528
116
4371
8962
453
4069
3119
5331
993
302
9868
7085
2179
100
3555
533
7784
5031
7460
6172
7609
4396
8187
5119
3202
5027
6741
5000
1839
2484
7076
5617
8415
4068
2992
4968
5527
5697
2535
1737
490
6675
162
1246
4280
8636
848
8049
1458
7555
7043
9830
2035
601
8921
4083
5920
2836
729
1169
8120
2269
1196
4769
8144
5637
3954
3517
262
1411
4698
5623
2147
1005
5434
1689
8240
3934
2560
9604
731
7760
4783
9368
5419
9048
8870
5049
1952
7299
6136
5646
7899
9825
203
6603
3997
1873
7053
8944
3489
2969
1688
3551
1950
7404
1825
3994
5254
4058
7948
2482
2408
8359
780
27
6838
7061
1789
3680
4456
4737
9675
853
9308
9427
5961
3167
7936
3693
5800
9973
1737
6509
5871
4816
2521
848
9881
6411
256
1642
3573
9435
3551
8826
5378
9409
2798
644
5907
245
3121
3040
9298
2671
9262
2035
2134
6667
7376
7295
1107
1291
9325
6768
8900
825
3523
4216
8854
7061
2633
3750
2917
3690
2500
8063
4099
302
8578
9954
4174
263
5808
9958
9760
8886
5421
6403
5054
5730
7462
8077
7463
7616
951
3820
3206
6988
4557
7827
3512
3634
9433
4225
8509
6462
2398
9566
5073
6000
2065
7284
6999
7629
2707
3892
672
138
655
2678
7096
4161
5845
7050
1621
276
6775
2296
5991
7096
563
1486
3448
5583
1088
8544
6535
6961
7221
9091
8968
8130
91
7540
7501
255
2984
7185
7058
3369
4
8503
2543
2206
9955
9757
3774
6275
13
3120
5724
214
9722
9021
4882
8824
9614
1171
3965
4907
298
4821
1424
6968
7276
1217
9250
8202
3934
1913
2410
7769
145
7626
5952
306
6779
7685
1242
9869
7020
7730
1135
58
3854
5329
4970
2934
9336
5409
8167
5532
5341
28
7987
4265
7360
9882
6508
4314
2629
8176
4250
3224
1350
998
3033
5364
5132
2185
4650
6635
9882
4814
2710
6884
1320
5912
8610
843
92
5758
9027
7096
9966
8245
1532
8570
7043
4149
6981
7354
69
4889
2181
1260
1952
377
4006
9499
440
887
6612
47
1498
9533
6681
1872
2423
8920
7750
1037
2951
2765
3572
894
1723
928
2206
3050
2325
4158
7055
7640
7832
3073
8445
8497
5308
4437
9481
1310
2007
6613
2911
547
3176
5252
1526
4010
7304
9693
3193
2255
8422
375
3084
3766
6618
7621
9849
5813
7339
2556
9545
5178
7226
1647
983
2590
9261
7363
8819
9632
2797
8799
6182
7114
4712
7768
6959
9481
6350
7801
8905
681
7172
5793
2723
3109
140
8627
8934
2731
5695
9973
3937
297
940
5717
8988
679
8102
9961
1006
9799
1705
7404
2092
1343
6987
2039
5424
3544
3087
6584
8819
9647
3234
1828
3643
4383
784
168
5995
2760
4312
3000
9135
6783
7189
7368
961
336
7036
3261
8020
2400
8334
9332
8021
4009
7046
1410
6093
4922
9586
5194
6146
1827
9723
1753
7613
1123
6080
2057
9556
5767
9762
4671
8701
7517
6371
8955
5272
3012
9140
4617
702
4543
272
7344
4249
4148
5693
9346
1356
2685
4358
3139
5178
3936
7047
6656
4136
7449
1117
7858
2568
2845
7103
7438
8601
2606
215
8895
3213
9985
4830
6312
7122
3613
2865
1475
7631
620
7575
3656
5818
5636
2761
7318
5595
3926
3620
5292
68
3075
9566
7558
7338
9144
1216
8650
7452
19
3429
9958
4555
805
3823
6665
3452
3531
1492
2954
7782
6191
3770
3226
7790
4195
9892
1566
9274
684
9076
6442
1738
820
7211
2727
2960
9185
650
8534
9260
8722
7853
55
5606
4245
9600
3629
7331
3514
6342
611
5759
4096
6878
7242
3287
4785
5997
8695
9593
6230
9983
3758
9565
6613
7965
4190
5247
4688
3951
672
8671
4315
9110
5531
9766
1745
6367
897
3737
9335
9692
9804
5240
7119
8605
6925
2519
6712
4362
5033
3239
410
8052
3126
5178
2012
2408
2188
9164
4893
8508
4977
8708
7162
5753
6960
587
3360
8518
6507
3357
7085
5675
3827
6208
9161
9853
9753
8887
1558
1722
7467
4516
8101
854
2512
1036
9204
8800
9047
3759
9379
1883
3176
1022
3029
920
7427
7324
6210
2604
3944
3453
9427
2563
7827
1133
9311
3308
6195
477
5059
1154
2983
2147
8900
5029
4319
2548
8521
6616
4342
9592
3390
5656
6786
8633
6219
6481
3328
2997
5422
1785
5742
1232
4363
7538
5226
3652
8423
8526
8935
4052
1492
7482
708
8587
9329
2004
241
2689
8447
2563
2566
8673
5657
1760
7592
1173
5205
9688
7656
4945
7583
2803
9592
9719
6488
3967
6627
9751
8185
9525
4605
1549
560
5177
6449
1823
7524
6200
8613
9122
8129
9115
3293
6885
8718
1315
628
2630
766
2329
5794
7883
6682
5440
6940
6119
753
1182
1241
1446
2692
4866
8009
9072
6777
8754
9736
9686
441
5748
4270
3815
2387
5530
3845
8924
1743
5975
9651
1597
6622
2374
3802
9459
2561
4481
4094
2694
8722
6751
795
2969
2518
249
8854
8385
1351
5677
3362
6656
3545
5704
894
5162
9222
1378
4458
5724
5852
1755
5127
4009
2566
8129
9217
8309
1862
4178
5827
124
7337
1253
5950
9442
1288
3594
981
908
6571
1756
5423
3166
3015
3758
5875
2601
9826
2568
5949
4394
1945
5379
4701
8395
104
4884
4333
4618
1471
5212
1481
3385
171
5558
5220
8066
4751
2635
4087
4210
2691
9049
3864
7414
434
8448
7656
3734
1095
9873
9880
646
1014
3111
6180
3613
584
4065
2000
3171
4470
4157
3567
110
1191
598
6383
1798
2353
5002
7959
1005
7314
6262
3513
9664
9991
9873
5595
3946
636
9953
1227
3727
6974
2094
3014
9102
5836
4883
3912
8913
8580
5442
8875
1463
1021
9644
401
5533
1307
812
9200
641
7279
1649
5626
9056
8178
2908
2312
8521
4275
8885
3544
3853
1982
4192
2267
7623
1301
8486
1399
5007
7112
5814
2071
5508
5695
3082
7837
4790
3168
7758
460
3101
3041
8414
9927
2911
5985
2914
8546
7268
6071
8182
6626
2137
4257
2323
5105
503
1672
4607
8715
3385
2410
1302
1804
3075
7922
5686
7764
6887
2902
8694
2161
5494
5561
2609
9152
8541
3599
3952
508
1634
823
3324
6682
3026
8406
9299
9764
5379
9025
718
8833
7811
1802
6677
9310
6132
844
6396
9190
4628
461
1724
6728
1046
5690
3535
6085
7549
7601
9496
9731
4324
9081
4780
8997
9227
8244
9165
7039
6443
3453
3676
1736
9434
6047
7419
9511
8654
4296
594
4967
2483
4856
2792
5317
600
6048
6645
3101
2645
662
5646
5432
1423
4654
1536
3095
9141
2119
1034
8255
7186
6204
3877
5203
4845
279
4176
4626
9990
3565
4876
8212
5268
724
766
7042
6607
5418
8940
4209
6941
3743
6839
9355
7013
4622
7119
413
6795
729
5426
5749
5642
5314
1904
8106
6636
7457
9730
268
734
650
4329
1218
9329
7407
5030
706
9619
5622
6873
9591
5770
788
4066
3132
293
1845
8121
4458
4273
7450
3110
5846
2131
3741
7680
6197
6453
4314
8457
4049
1094
8024
2309
6877
6221
519
5567
9029
7286
914
6749
2642
983
5928
5582
8135
5198
9972
5227
3479
6650
1154
6434
4342
9505
1
2116
402
556
9798
8292
6687
1761
4891
2711
2587
8894
6023
5553
5375
5848
9855
7622
9515
7761
3169
118
7825
2516
951
6739
5634
9418
1536
3170
4476
5890
1301
1261
7609
7871
6026
5193
5605
7278
5945
4749
6677
369
6798
6440
2981
4130
9709
6700
1157
3918
8598
2596
2614
4510
5039
4602
6648
8424
6929
2848
7416
9935
9179
2955
3961
555
1728
99
1037
1909
2633
230
7316
4924
1716
5545
6686
36
3318
7242
7855
1712
5076
2340
7209
2039
3313
2928
9989
2298
4634
5594
5231
8548
7630
5979
646
7041
8194
8399
4631
8007
6914
3328
3934
1775
7210
6138
7161
9543
8492
8962
6272
2147
9435
3793
474
4169
2678
9023
9528
7386
3738
3471
6373
7148
3749
1701
2190
7607
7724
1889
552
6885
7516
2863
1134
1255
1350
33
7634
8196
9893
923
8993
1784
2177
9724
7777
302
3376
6912
4704
5180
436
4314
3654
2405
861
8233
7246
2423
4571
3242
9086
2187
8700
7072
5111
3499
415
2672
3122
5101
3419
6945
6561
2044
9669
6945
5848
4789
8999
3364
8197
2251
5856
8067
4727
7483
4158
7077
1884
2113
8392
2961
2744
5751
1516
885
2566
9622
7960
711
2156
9420
3088
3502
2022
1016
8844
4522
129
4050
8997
6417
6086
2681
6379
5625
5061
9790
8832
2275
5386
808
193
8854
4864
5984
7564
5706
2126
5405
6397
2116
1013
9363
426
118
7965
7764
4394
4489
4631
6194
3686
6406
519
2994
6461
167
3422
1215
712
2064
8532
1707
777
7985
717
8728
5254
1681
8252
7473
1059
8742
443
3687
6347
2277
6062
9135
8470
5061
4285
3140
1760
9482
4880
9587
3957
999
9850
877
9397
3022
4395
5130
1692
1146
1108
631
8568
2477
7665
1980
6778
1427
4897
5683
5543
6814
9109
9061
2879
6345
9795
5231
301
3647
1451
8664
7942
9887
6140
368
3890
6718
1632
9075
8677
9815
8480
5015
8315
2557
8253
5785
6953
7576
4256
9678
3365
9821
5569
372
3779
8556
4995
8360
7287
7271
1582
8665
9035
9897
8817
1494
735
8866
271
2278
7612
5619
5519
244
5894
6955
493
141
5127
1252
8060
22
5208
7047
6611
9098
8881
2726
6700
3581
6603
122
8357
5196
2219
6736
4617
6525
4651
973
6
9765
2960
2301
6257
596
9555
3554
1365
6871
9054
5761
2235
2589
8398
6795
5650
1275
7140
3921
7058
9238
5552
6887
1756
8469
2164
2582
8465
935
1666
4491
986
911
8719
177
9674
9631
3153
7856
768
7051
7275
8743
8325
8764
6574
5326
393
2256
957
6951
8407
5573
4860
3204
6324
3222
1049
2432
3952
8646
4754
7464
7109
9997
1869
3104
5802
6059
7415
262
436
2195
8190
9756
5216
1943
6576
4756
7374
8515
876
4584
626
1855
1192
4183
1338
1160
8887
2930
6318
9775
1966
3682
1807
9266
8314
7940
4331
2109
3695
5846
5352
7930
1627
369
3366
6524
7827
3462
8999
1953
2779
8258
989
5994
2157
5429
3470
5883
6342
3712
7923
876
7067
4330
6344
4480
1338
6507
5709
4400
236
6631
7670
186
2920
6745
1536
9402
4219
8975
3085
6706
7583
1296
6521
6659
3820
6574
1956
316
57
1242
6234
7682
2672
2139
601
2976
2544
54
4748
7310
928
6361
3124
3868
9474
4730
6015
3963
8496
3387
4903
8452
3442
4616
8847
7903
713
7297
6259
6645
472
5148
4297
356
5877
8035
6372
4223
5306
6224
6728
8844
6569
7781
9949
4047
9846
7444
2353
6579
9143
1246
1715
6215
436
4946
1549
6276
8339
5853
6238
8744
2148
7062
3719
1229
6400
290
3151
2879
716
8509
5995
9002
8624
2411
294
9636
5307
5365
9583
5601
9766
9961
9821
6675
7779
5537
19
447
8191
94
4812
7109
6590
1955
144
5043
7208
6173
6427
4346
6028
8219
7073
652
5487
2820
4139
9572
3924
8919
6955
2852
979
2700
4095
973
3506
9374
3810
3322
5253
999
3127
6290
7567
1981
1234
1703
7658
6100
8470
2829
5610
8943
8261
2895
1237
7402
5712
1501
7126
3569
3163
7626
4790
3789
28
4016
6675
4890
1493
6665
8014
8698
8221
4823
8936
2806
7148
1514
9128
285
1626
1892
4388
3513
7739
6936
6900
7652
2404
2955
8780
7400
8072
3176
1481
6616
8269
6288
2067
4179
8009
8216
977
994
3192
7658
4966
2456
3515
2927
3155
7889
4109
7514
3792
3464
2172
4454
4210
7941
6185
5037
6758
1206
6950
5712
9001
4028
1667
8152
7378
3711
4522
1310
9671
4394
9862
1096
3154
2645
6920
2783
2066
8672
8286
3644
208
1001
7812
8470
1865
7791
7520
8601
7016
1084
7192
5895
4841
1235
4808
6660
2917
7539
773
6996
8156
7630
3942
216
9555
2620
2878
9060
2116
7141
1475
262
5922
3456
4103
6716
4292
6652
1786
2937
163
3516
7551
2828
427
1207
6061
4856
3808
3019
9934
8655
9037
7687
2703
8810
6600
5497
6314
6113
9121
9203
9230
3932
2567
259
9781
7504
2901
1174
8186
6945
531
2960
9867
554
8000
2574
2117
3589
4683
9017
5960
9124
5971
8327
5137
1812
3417
7096
4538
2421
6593
1316
1138
859
7073
2394
1485
8096
9849
4986
1168
2827
7752
1934
3295
7049
3
31
5028
5811
6878
6625
3445
308
8680
1115
4624
232
8658
7284
2732
828
6376
2134
9104
2448
109
4363
4853
5574
4297
972
4337
2259
826
3610
1033
5715
962
7233
1753
3392
8136
2375
9973
5305
456
8943
4101
8585
5816
3807
1917
1293
1779
6665
8148
3358
7038
8654
8127
206
1175
6039
6876
5078
4697
6897
9551
9373
1878
2201
6193
6420
4798
3948
973
3023
8176
2058
3722
4827
1051
8634
9443
6126
3212
2914
9690
2061
1356
2697
8261
1319
2432
8404
2456
464
9322
4031
318
6762
7104
5215
3736
5013
6505
8390
7071
5298
4807
6584
1033
2779
3512
6790
1959
7741
6319
1040
7345
3894
646
8331
9520
5663
806
7358
660
618
1244
661
4034
1529
3736
9221
8297
3621
3391
2823
3947
6515
4421
5553
3629
7069
8156
7697
894
8891
2617
5002
5214
6623
5021
3766
4583
8288
6079
5550
889
6947
7667
8440
7354
3723
3492
2730
1860
7836
5786
7661
4685
5727
9698
2423
4325
555
1075
9009
440
5421
2625
6710
8672
8493
8073
8045
8152
5904
3835
3756
8787
8744
3024
110
2122
3792
7102
5216
6516
3698
6407
2319
4625
1272
1943
7110
8821
4259
7313
2954
8022
1505
1503
2676
7663
8789
321
8009
3049
2757
6724
8161
5152
4371
8054
7092
7094
9076
1190
5017
9007
9498
5060
3427
8724
7894
3590
4506
5868
9801
1193
5167
7284
7395
7185
3167
2488
889
5155
7757
8824
8995
8219
127
7353
4937
1369
9572
2168
2797
7659
9737
7766
92
5833
5546
1401
6363
3215
5515
9933
4329
9137
6032
3564
9662
1015
3851
2097
7824
7288
613
2856
1539
8875
8474
3249
485
3531
9090
5118
5562
5576
9147
2458
3701
6799
4375
8895
5593
3046
568
6366
7949
4989
4517
1873
3942
878
9948
4880
333
3700
3583
3958
7450
5093
4253
7599
8670
3621
3627
812
9347
5557
582
6022
1219
2207
2471
4120
7259
8969
5654
9068
3660
7836
4514
7374
179
6842
2883
1959
7419
7086
4323
8479
9798
376
8022
983
5942
8313
5196
2951
4000
6651
6844
9208
8023
7183
7455
4012
2919
3043
844
653
9783
2331
3677
8360
371
9285
9437
2976
9406
1802
601
8910
6034
9089
9622
1217
1226
3446
9925
8291
6230
5726
6601
7626
8275
4928
2730
9390
3635
8505
1316
5115
4895
1517
4757
1733
8810
9536
3392
4388
3499
2315
2258
4985
8859
2720
451
7268
2106
8095
647
3374
1100
9354
7290
1277
1734
6412
691
7306
2087
7283
883
2998
5256
2147
9442
981
4832
3003
9686
255
1834
4149
5670
7286
9587
8638
8239
5669
3506
1146
1992
3755
6027
8192
514
6603
3055
2573
8439
5897
7194
5
8012
9056
4748
2505
4696
6661
8057
4817
1063
5534
2041
7332
717
3346
4024
1358
4326
9439
8869
365
7966
5734
7270
3873
9944
1022
3605
9015
5995
1742
1236
8508
4358
2425
7299
2732
1595
9370
6133
7957
7223
1865
297
2343
239
6251
827
6291
3435
9495
3844
3972
2048
580
8929
8384
1720
9971
5762
3205
7010
9713
9469
849
5783
9283
1820
7648
6665
5231
4983
3892
6470
5869
6884
8559
2000
5748
2381
6016
5948
8570
2461
4715
9773
1261
4435
5958
7350
6449
9725
4169
1980
5330
2247
8811
5882
8020
9633
2069
5720
3868
1547
5712
9866
9931
4245
5205
3157
1843
8165
9028
2684
7628
5819
6438
3819
1676
548
7452
9111
3054
2819
4689
3958
9612
9642
7921
2014
6905
4408
8636
202
8882
9025
3763
7880
5498
7540
4797
7214
909
621
1005
2168
4782
3263
3157
1598
8376
3847
7236
7951
6528
1306
6004
6769
6435
8557
9949
3818
4247
4586
8133
6016
836
4626
3785
9536
8867
7706
9092
3492
4285
3522
8568
414
6706
6067
630
5344
4803
9727
2575
3885
4795
4686
5002
5719
2381
2354
7927
4249
1067
8320
2310
4869
2728
9807
7541
4067
9474
7009
7537
9088
9386
2845
5536
3194
2556
3617
431
4698
8007
3895
5517
8902
6503
2505
3921
811
9094
2966
3653
3092
6258
901
9208
8108
7972
3018
5958
5065
691
7104
8210
3339
3298
135
1689
818
383
2093
6521
1796
7883
6357
7275
2358
3067
3665
2546
2458
8132
5519
7705
2999
4258
4689
976
3057
875
4949
4759
7130
3110
9590
1274
4786
8890
8380
4027
5407
6049
5646
4320
8862
8897
7922
5114
8881
3207
8227
2903
9693
8323
5453
1946
8006
5208
1550
4200
1858
9618
6272
2594
5018
339
9067
4921
633
3412
374
531
669
4644
85
2282
8287
4314
9185
1733
8774
9990
1720
6461
885
5617
8136
4538
4560
7625
7781
2717
2805
1731
7886
1682
5298
7289
8693
3820
8716
9601
9590
6421
4174
4402
9056
5962
5228
2924
2033
7151
906
372
1945
3826
6951
5437
988
7449
5048
3564
1547
2947
4184
2074
3658
942
495
971
8241
63
1961
9282
3551
2917
2131
3116
2726
4596
2685
8277
3630
3094
8122
7237
8286
6939
7067
7537
8098
6466
3819
6285
2810
1705
609
3316
5673
1626
5747
3780
4655
6614
5349
9475
9693
8498
6659
7055
8959
164
9096
405
2913
9877
5139
3941
3510
3773
6883
3353
7344
3699
5710
421
5760
6533
1863
8912
1972
5456
7950
9291
5105
3256
5378
995
3738
2661
5570
2380
7005
8971
8424
56
9592
5788
8946
1351
8080
5533
9236
5857
11
2599
7072
4639
3751
8514
4233
8582
6803
5261
7411
548
2547
5037
2026
9560
564
2183
4636
9059
3677
5712
2740
5416
5634
8977
1707
7386
6960
6347
7363
1911
2911
5459
9294
6812
6725
7601
4351
6288
3357
8106
2001
854
3778
3219
3214
9389
7572
9879
2371
7284
2033
49
7317
1344
9268
1836
6158
9057
8918
5472
610
7119
3002
3430
4832
1682
1152
434
5527
717
9018
931
3797
7067
9992
8724
1771
9310
557
5864
7301
6388
2559
5683
8216
1097
1470
7887
3510
7012
8338
1983
2651
3182
4506
9029
5730
1024
2455
664
6592
8254
3106
8687
8244
5383
9837
8081
4892
1360
2075
1307
7745
6257
6850
1923
2371
559
4964
1165
3849
2573
9522
1974
2196
7751
8531
1147
4648
6317
9945
1778
3233
8465
7120
4965
5793
9635
4973
1875
6106
1893
2313
4700
4086
1252
3793
7762
182
4971
5710
8104
9035
7278
3501
8257
6207
6782
5188
2562
8385
3906
4255
2418
1832
2070
7483
5137
6064
2077
8126
5692
9736
5178
2460
609
3547
6620
8245
8447
597
8158
6904
1921
8104
4923
7338
2555
5610
9384
8209
9945
3909
2669
7263
4203
5803
1430
786
1986
4484
6682
3648
3569
7863
9506
573
938
7469
7412
2218
4550
8705
4255
5469
9501
5168
6102
5935
205
3505
5182
2068
6373
6876
4183
4535
2055
4430
3518
1531
3845
1449
4927
571
3938
9787
5796
9948
8690
1083
9898
8560
3546
5822
1943
1048
781
9813
5250
6343
7347
5885
4162
1602
6338
2663
5393
247
7017
4207
5399
2378
5228
3963
4087
8163
8075
3994
8690
9990
4222
5789
5486
7136
3879
2076
1169
7501
636
5
180
4564
631
4842
9027
4124
3255
9885
3771
4622
1576
2673
2211
6885
9966
9800
8025
3989
1050
2614
167
9580
4010
3928
7133
3509
1537
1502
2381
6898
3264
7484
4128
4862
9405
4286
52
4050
9474
6428
4991
3860
7489
4751
7644
4756
6845
4144
486
4462
5168
8386
5638
2944
1906
6059
8267
125
9123
9622
8253
6013
9069
5668
294
1567
421
8153
2438
12
8789
7968
3087
2570
6101
1585
6913
9584
7734
8747
882
7904
5922
4124
2553
8025
2896
734
4198
9989
7430
3538
7913
5317
4048
54
8877
3380
5023
1122
6163
4480
1446
9001
3124
8702
1170
1882
2242
9094
8226
3575
2589
101
437
4673
1508
7351
9367
6773
6036
2851
9510
4517
3676
476
1672
1115
6625
185
8854
1823
8337
5879
1657
6368
6361
977
4185
5743
842
7887
770
960
3734
2360
8418
1379
9840
1401
9855
8043
7107
3889
7249
3082
265
6338
7275
9705
8870
2351
4045
8556
8054
3212
7604
5278
7920
8821
2196
1007
5385
2687
306
2249
489
2063
5599
9047
7740
4478
318
727
1869
4883
438
6596
6550
3437
4939
4953
4070
2540
3918
7499
3747
3175
3954
7833
6951
4794
8128
2087
6989
81
2401
6958
2860
5728
9688
5407
6848
3077
7885
3104
7328
7907
8343
9355
9764
6976
6872
4672
851
14
178
3422
3044
9778
6867
4057
9294
9525
3609
1304
691
6766
3881
4418
2978
4563
8815
3074
1363
6754
7121
7823
6955
1502
3783
5169
2243
8332
5303
8250
7547
7441
2617
2903
5116
6465
1503
5419
2652
9139
4288
2732
3429
2294
5968
7928
5890
2524
2479
4013
1644
1495
8787
6680
7100
9362
9696
2457
648
9043
6857
2059
4243
203
1305
34
5533
732
2038
858
4253
5194
7662
8531
4519
4313
9914
1405
2854
6870
4996
6501
312
5585
1097
7889
5907
1515
8215
1830
7693
7302
9447
7349
7314
8201
1290
4643
3620
1245
4165
5311
1015
7109
3394
7786
8633
6313
5139
8533
7122
1221
1447
4592
856
7978
3481
5862
4736
8003
2240
6180
6378
6956
1655
652
6466
163
9796
3000
2306
7462
113
733
2213
7095
6137
7844
1279
7870
9858
4416
2240
1114
6122
75
8737
9163
2841
3485
2072
5067
9508
3271
6715
8997
4616
6679
4279
449
5917
1030
481
1749
6150
9630
4649
7592
858
8154
6780
7389
4223
9726
2831
2059
3471
6942
4986
4540
2316
6886
9946
3825
9170
822
4954
5556
6408
3726
8244
8359
2821
32
7848
4002
2597
1078
312
1192
656
6603
8748
7352
5956
7353
7891
97
1550
8350
2317
281
2534
2720
2848
1456
855
4097
5318
6398
8929
1568
5311
9939
2438
4884
2278
8766
6335
9250
6545
3080
7088
8357
3069
2055
8482
1560
6581
4857
7965
6079
3720
1704
5381
7937
9143
4880
6253
5995
4225
7916
7290
1864
8921
2290
2665
4763
9661
4849
5816
4444
8717
5959
2990
7193
3378
7860
1566
9628
6512
5110
8327
2502
3572
4143
253
2063
4991
6941
3178
9634
7019
4624
1692
1055
8555
368
7059
6353
6261
7449
8572
6606
5380
7484
7799
9342
9036
5934
4444
6007
4542
6829
7190
5043
1240
6313
2822
1969
757
5089
2145
3442
7200
3154
1818
5766
1770
6300
7036
9558
3569
2769
1226
1354
5943
193
5377
9827
5613
7495
1463
8970
64
3744
1506
3142
7178
6182
6289
9155
9932
2559
5441
8745
8149
8746
3712
704
8743
1184
6569
5718
5659
5133
2001
8509
833
3941
4330
1296
7861
1555
212
9761
799
396
6567
7717
1540
9339
5149
9515
547
2055
8699
9850
7363
4246
9166
9062
9310
9395
9383
8321
9037
6613
5729
3112
4163
827
833
5366
5197
5168
2159
4246
1083
7700
4455
3127
5276
9865
1452
5622
9089
1934
4965
6640
3173
1597
7605
5416
2509
5399
8652
6215
4999
9140
1363
8959
8898
2632
3950
6456
9681
6167
5783
7061
2663
995
4989
1636
3738
3699
3555
1498
6916
4879
1279
9657
3985
5838
474
1127
8617
3050
9201
9318
4479
9130
1984
4616
4520
742
3460
8127
6492
8414
2211
8266
7986
605
9170
374
2786
4510
7390
9889
9176
9092
7738
7691
9998
1591
8116
2240
3697
7404
2197
6838
5411
4598
7314
1955
7196
8590
174
1922
6908
9544
3353
2493
5988
4894
5133
802
7385
2066
220
2044
6221
1966
9074
7870
7437
2061
9165
9887
6633
9023
2352
7979
2574
4779
8721
7171
2440
6578
8764
8699
3784
1206
2535
599
389
5823
6588
671
2718
3100
6900
9989
7521
6272
8726
8244
5284
528
2425
3186
8676
781
7614
5158
9949
2248
6735
4312
284
9517
3078
2474
9533
1807
7635
3812
480
7005
3774
8492
7780
4683
8633
1298
8085
8840
5409
2876
4501
4340
1255
4640
5483
7171
1371
9716
5574
7539
1052
1301
2942
6550
3966
6753
6602
1762
6719
386
4418
4265
6901
490
1489
91
4237
6377
7373
1740
2190
9428
9762
1410
460
8040
1656
6112
7143
133
8896
6263
3048
8467
4974
3592
9605
3376
448
1229
6171
4748
5012
8694
2099
76
1283
7174
3897
8232
713
5961
8058
9252
3682
9208
5666
8862
7785
3257
5783
2737
623
8726
784
9563
5956
8256
8314
3852
5024
363
1335
9150
8019
2207
9865
9801
4230
9227
5431
4746
3218
7599
1996
9974
3543
6256
5213
7172
9992
8797
5169
4920
5081
2053
6522
5298
5641
7287
3883
3198
750
2052
9642
7820
2933
5598
6013
5826
626
8356
3045
3458
6200
6531
9555
582
524
6120
4536
3023
1965
6768
2410
853
5063
4802
6730
9357
1631
6493
3393
6272
4996
7165
6251
3611
6275
9099
5117
4881
101
1352
8596
8834
6090
7603
1926
9019
1430
3908
3051
4354
9506
6861
8534
9691
9189
4085
4593
6931
9537
3177
7537
6620
5059
2296
2181
7152
7385
5433
6460
3730
225
8055
5351
2044
5847
4310
7510
2266
2919
5261
3538
7396
7566
8723
5691
6295
1751
5188
5025
5741
5649
1069
3443
7806
3640
8
4945
8497
6713
5375
2482
1131
7606
2224
4246
3239
8884
4972
5994
8928
8232
7850
4028
9567
9792
8770
6848
4439
5075
3689
2174
9559
2101
7755
9997
7252
6827
1576
1688
1279
6610
5807
9727
2303
1498
4912
2646
6324
5472
1426
4919
4331
6420
5365
2185
4876
563
9488
7988
2526
4368
78
9435
4241
4537
4614
5667
2579
4568
2232
4816
9356
4620
273
2291
5885
9900
326
5604
6233
1669
199
8755
8100
4076
4016
2195
1818
9533
1243
2804
1797
5076
6875
1962
6246
2276
9243
8818
440
3654
8910
138
5966
9269
2036
7765
3401
8167
4203
9625
8709
723
6194
474
4251
9557
1522
4147
3783
8674
6587
9900
7050
2735
8251
1673
3666
980
394
545
7863
3194
488
7496
5372
8357
9639
5690
1223
106
4677
8918
2572
6999
8867
5620
3780
9719
8607
5919
1949
1812
7063
2488
9847
5325
2144
4761
9748
7818
5402
9985
6083
2597
534
3901
7016
9750
4954
8495
5033
1583
5647
4163
4502
2389
918
8883
9750
9143
2994
7564
685
6674
2516
580
4230
8123
4881
1706
8920
9133
122
2146
6887
2047
2549
9165
2171
4668
3745
4953
6787
6625
2647
3768
6309
5228
9460
3168
4877
1863
5898
8190
5452
9423
2893
5693
4933
1060
8298
9784
5318
610
1352
8228
1444
5485
7713
4044
3086
3481
8723
6123
4174
6027
1218
7628
4711
1714
9713
1173
1622
5594
1023
5353
3201
1706
2555
8040
8096
8567
9354
8075
3812
9936
1772
8443
1650
6084
5127
862
4641
3994
5100
3797
2587
8450
7771
3385
3608
9820
1175
9457
4773
8463
6054
6934
5279
188
7082
6232
4475
1938
2257
4974
3526
1973
7374
7339
3961
4230
4557
6654
8496
2243
8650
1452
9576
4030
2961
5190
8859
5711
6312
5011
6538
8235
6650
5528
2822
8597
2580
9470
5159
4177
3077
8200
3871
6421
7391
1622
5733
8001
1680
8796
9740
5784
6263
7691
1820
478
7556
4961
5556
2662
1735
4337
4133
4042
2942
5328
4659
2263
7486
2248
9779
7352
6869
7308
3065
7982
6732
478
4061
6142
5828
3143
6044
9483
9000
2196
4582
1684
802
6140
7798
2471
1882
5012
9864
615
8523
1509
7714
5164
6876
1547
7223
2451
7291
8698
9159
9030
912
8396
7114
3547
230
4661
9308
3811
7654
4170
3678
8822
1298
9958
972
9377
5201
9766
3723
5007
1944
2111
9905
9457
9273
6531
8851
1734
8724
3120
3566
4774
3482
488
7974
9237
4757
564
9816
5628
802
3290
9937
3951
360
4193
6521
6477
2832
3052
8468
5823
709
2430
5541
7532
5950
748
4201
3589
886
5692
7081
924
5963
317
976
6836
1169
5947
2883
1481
5367
3148
6164
6124
7894
4428
9226
4638
9787
117
7218
4953
7767
1896
3229
6540
2739
6824
9210
9879
5962
8403
8412
3862
280
210
544
7553
855
1923
8004
3393
9668
7204
6603
9982
762
7810
6976
3918
8632
8579
3536
1794
509
3462
6270
5445
4340
3663
6921
5803
8210
5126
5200
3299
3687
4089
2526
5658
5079
6255
509
7149
8984
7230
8900
6868
3652
9316
3046
7478
5669
2494
4018
9984
2260
5484
5557
4557
1122
6142
699
2246
6091
9128
7548
7450
6203
2790
8038
6463
7724
6492
5710
3096
3604
4257
8568
8422
2451
504
874
8000
9618
8931
3383
6626
6272
6114
4984
7578
8434
7309
9944
633
6883
3077
4047
694
545
1883
9799
6796
537
5605
5553
9427
9387
2024
5946
2691
108
781
1333
6603
2799
7043
2058
4020
2221
175
9337
6141
8410
3081
8300
280
3799
1555
296
3743
4555
1998
966
7984
872
120
7767
7974
818
2925
5664
2728
5005
1156
2509
4257
4811
9642
6268
3891
5200
8554
4700
6850
4276
9439
4374
8254
5610
6066
9936
6307
6136
1644
6478
1330
1934
752
7514
2500
6567
6455
8605
7697
1831
505
1974
5704
8717
7266
621
4114
7213
81
1354
824
7157
2129
4943
1719
8762
2545
8165
2260
682
2534
6887
6093
5524
5544
1545
9488
7541
159
6371
6479
4945
4326
1564
5868
9724
4758
3201
7948
1170
5918
9176
5736
5384
8857
671
2795
1994
1371
7774
7307
1008
7407
4703
9961
7284
5497
4840
1436
7444
3077
8241
3770
4246
6004
4651
8774
6366
333
3150
5760
7378
6440
5541
353
6296
3985
4321
5908
3460
9872
7664
9147
9784
348
3225
2038
4436
2708
9767
2643
5832
1693
638
8690
3546
566
5924
8964
4181
7151
762
9255
2540
622
5724
1579
556
5730
1465
7646
345
7340
3877
143
4467
9611
7885
8314
6035
1002
7732
7503
3671
8382
9090
5884
1436
943
3659
5414
1900
7392
63
8207
1244
7924
5795
3997
8948
5863
3702
9111
989
2537
3117
2487
4729
2943
80
9650
5705
9069
3323
1295
1393
2358
2692
9124
4656
6731
4495
7945
122
8826
3909
9682
9963
2675
8025
1906
1691
1901
4366
774
9499
3705
8779
5863
2392
5406
3515
2253
6888
6097
966
3475
9452
3119
1071
7416
3962
5447
712
6148
2501
3886
1563
9774
3543
958
8785
3865
238
1811
6741
9827
2875
1079
9472
7617
3861
9697
3040
656
584
9911
4076
3466
1382
6396
3848
3602
2501
6294
6
790
9422
1239
8793
7824
4202
9995
8942
9734
1592
1200
4776
35
624
1892
45
5420
5050
8972
5983
3197
5601
7600
6702
8950
9352
2601
2601
5462
6672
6416
7763
7738
4189
9861
451
3158
3020
29
6767
214
5105
3020
6293
4095
6882
7889
5115
2437
8819
2169
5995
9994
1292
8659
7682
6658
2226
7772
5326
9320
9503
9658
1833
4371
1699
5606
5569
4310
3939
8713
3328
8889
1787
9758
8705
8483
5034
5334
5087
4989
4902
1828
9384
3428
2807
622
7292
5660
6113
7021
3404
6145
6513
7832
9809
8495
9633
282
4939
752
248
7995
396
6765
6116
8139
7225
814
4830
7521
4684
2724
2344
4414
3951
1119
8830
7193
6397
3161
7431
483
1061
158
4089
4467
8801
9762
2130
3219
1208
7121
3589
3497
843
9315
337
6318
5582
9689
2006
9784
3971
1278
4423
3143
333
1406
1826
8885
8100
2784
8461
1761
7330
9930
347
1078
7709
3587
5970
5344
1462
9952
5439
6405
1540
6014
1278
3584
9230
7053
403
7005
1879
7444
6094
3297
5837
1323
788
6154
1893
5369
5400
8876
515
1993
8507
5919
2003
7559
9259
5754
2313
6899
1113
7853
8763
2386
9648
2550
1065
3047
6587
3628
2234
6838
3909
53
779
7081
6477
5032
309
2259
8922
7709
5158
6937
2759
5247
994
360
2608
784
7491
8472
6255
5807
6089
4543
1851
3855
9637
3361
6964
6162
2277
4065
8457
8801
7323
7043
9165
5264
8070
1093
7236
7956
1493
8015
6635
7080
7611
3183
2815
5586
7927
2260
5831
4447
4797
6223
4286
3360
9859
9090
7407
8196
3694
5381
9291
7969
815
7205
8887
940
3737
4096
1636
1568
7417
2250
3873
7455
679
3643
9046
8195
4345
9660
5625
6058
6771
8335
159
1845
6225
9084
5367
7910
6140
3867
2362
4344
3629
9174
8176
3634
3864
8870
4565
3702
2949
4034
1794
9192
9689
2199
1520
6104
2348
5107
6232
5411
9895
1000
8788
7207
8520
4803
4497
8078
3265
7088
9950
894
1493
646
7311
8033
9646
1688
166
6168
7195
1234
7163
3152
2079
1065
2685
5337
5
7802
9553
6645
5961
8087
7406
9154
36
7672
1769
8584
1235
7260
3093
7089
2340
8383
2063
78
6068
3280
7341
3376
7806
3795
4564
1994
3004
5629
904
2018
7942
5941
7788
2657
1062
4261
5474
6409
8278
8932
7094
1430
9765
3921
6524
1729
7634
3697
3936
7594
3558
7128
5310
782
2950
4845
7266
6439
7616
8366
6636
6449
1924
3443
4933
6987
8498
4518
1483
6401
8186
1996
5443
8245
5638
9090
6098
8258
6217
421
2914
3426
2136
255
1663
5838
5764
4293
592
4026
5837
5258
1117
9676
7952
9177
768
8195
4173
6231
2261
7464
7840
7301
1460
294
8735
4940
8726
2593
642
5393
2702
1075
8065
6516
2919
1437
1326
4942
7792
375
9636
4708
7541
2564
9841
8694
7360
6755
4495
3687
4784
3536
6679
9661
6590
991
554
3957
4807
3443
6011
1433
8472
2833
3001
2391
7584
1859
6112
1082
8408
2945
2802
8954
4741
7373
9315
8452
8048
4435
6780
5130
477
1355
6209
8122
8690
905
5244
1612
3156
5131
1316
2821
7106
416
5643
5274
1704
1223
9963
9601
9143
7293
3220
7989
3375
1821
8593
2548
8944
6182
2149
2302
2021
155
3219
8314
4153
5273
3124
1523
8440
2919
3272
3275
9944
8099
5885
4265
6926
4430
544
3587
7234
5837
7650
5976
4603
5667
5473
1942
2924
4509
930
2483
2666
3866
5493
7307
2525
4006
6709
3123
1109
827
2662
6432
8022
8351
1464
3460
1050
612
310
8429
6318
9113
8997
159
1269
9775
928
6190
6122
6377
558
3034
8031
5808
22
960
3627
4203
9239
1827
9823
1958
3167
8823
9820
9972
7112
7744
1091
9079
5967
421
4800
9533
6089
2287
1586
7691
9184
7671
6926
2580
5975
8434
412
5893
3719
3781
7168
5159
5701
1695
6391
1317
2708
5355
1507
8724
6208
1078
8831
7766
438
7870
6728
7649
5954
2524
5314
9711
317
8312
7470
9633
2531
9828
5591
317
6629
1273
4873
5874
6355
599
3196
1138
7285
7287
9682
468
4922
7296
8877
4180
7319
4693
5155
913
8592
5868
2444
9460
5335
8823
7630
4152
1384
7059
2140
3760
7644
4795
5093
5061
2761
7892
3131
8702
7313
2710
6620
6799
8875
3390
9218
8848
7851
6526
8013
4931
4253
1066
4378
2958
3769
421
1515
9744
7402
3217
3231
4083
2717
8910
9931
3662
6303
4569
2029
6661
6459
9523
8015
3180
2281
5306
4283
1266
376
9323
6479
7229
3211
2030
7613
193
3757
9060
6468
6387
9559
1676
938
9526
5571
1240
4858
9851
9214
5937
3595
5859
2981
916
3228
9576
9601
6232
495
8341
2303
463
5847
3508
8039
1754
9919
9198
4637
2157
4550
2318
3840
5635
3047
8404
914
4822
833
6548
8102
6780
6836
658
3569
3345
8024
3591
9693
7389
4330
5344
4569
2353
8895
6408
8387
8727
9024
2618
2032
7827
6544
8415
8640
161
2362
1303
155
2956
8920
1427
9977
9024
5995
6756
9676
7010
9824
6100
2465
1324
2872
9354
8604
8528
1756
6766
8255
5853
3793
6783
5439
6603
8443
5085
2664
6728
8512
5782
9612
6566
7411
9426
772
1904
2981
1511
6362
8838
5442
9387
8019
7698
6869
5206
5792
2260
2284
7373
5769
1864
7914
3285
8314
5672
446
1647
5327
258
2255
3564
1225
4047
1442
7757
6374
4629
2304
6762
3629
7956
1336
7777
8307
1581
6292
3938
9436
7657
928
9239
5456
5240
6073
3043
663
5596
8452
8214
9655
8666
2288
239
5774
3621
5115
3416
6145
1550
8499
4155
260
3673
6345
770
1279
4240
8392
3740
9218
3269
4096
349
3019
619
2642
2883
4131
9551
8056
85
7685
4893
4552
7458
8587
8192
6114
3191
8949
9825
6067
2960
156
5957
6941
8681
7536
6431
8252
3397
8166
8191
28
6922
2615
7717
2855
4603
9586
5043
1038
4622
8367
1457
4040
7631
7754
2697
2824
6175
1679
9581
1900
399
1174
8414
4965
769
9475
4188
1849
8243
2112
666
7162
7176
6628
2744
6496
6549
7208
8146
4363
641
7961
7486
9102
1123
4841
3960
3956
8774
279
6589
216
4461
6466
3768
7877
5874
2945
7120
1608
8602
1659
9189
5006
7582
7945
2319
4075
7690
9080
228
1673
290
2941
8261
8250
5954
8103
3047
657
2215
3271
7422
9989
9234
8316
1836
1499
5553
1395
9194
4458
737
6640
6109
7505
1627
4730
9886
5513
4183
4272
7178
7280
3441
5392
7260
9471
9994
8195
118
1137
2558
7783
7124
4880
2716
4478
10
5256
9712
2524
2031
2391
300
3086
3736
8913
1073
7703
4632
1320
8451
6430
1133
2660
4571
916
697
2025
5663
6386
1782
7785
3207
8069
9375
5672
7147
7014
6234
9926
4744
7431
697
5516
8277
2685
2941
2158
9715
9912
2898
6283
755
3866
4712
5449
2147
9024
4562
761
7124
5274
950
6787
9916
6538
9160
5199
1825
3630
4481
7876
4161
2269
1993
7619
9433
4743
4261
9715
9645
9008
2101
5641
3262
2142
7741
937
509
6045
4163
2914
9984
1993
9185
248
8302
7281
7931
5775
8433
1519
2735
5816
1730
2390
5244
4216
3265
655
1503
6972
7
2025
7147
3769
6624
9164
6480
6061
4259
519
6166
7420
3488
3934
1562
807
3853
2091
1276
9134
8856
3692
3468
34
7107
9000
5594
3111
7444
859
7845
8101
8261
2650
9347
5362
9043
2762
5355
5898
5143
1103
3140
6717
5220
6950
4017
8761
4438
8993
9083
8851
5508
7823
6616
4145
3975
8306
9795
7453
3764
4302
4445
4427
3938
1001
7832
9114
7849
783
1184
2662
1436
6968
592
1054
8299
6076
3202
1680
5319
3269
8208
5283
4152
7580
5062
9336
673
3168
4496
1294
6591
407
1538
5297
4905
5904
3474
3900
3567
3679
9908
7198
9828
702
6513
5299
1073
8734
8836
6531
6655
981
7639
2995
9222
6470
2610
7107
3335
7251
7037
7644
3808
3530
2042
1449
6121
9665
5294
7457
6497
9592
5817
2972
9806
3707
3416
8242
9321
455
8565
4291
3520
4997
6163
692
1646
4168
4467
4515
1525
1671
8741
9025
264
9925
7665
881
899
5345
9386
7569
5776
1946
3278
2571
542
4104
2877
4405
948
3084
5307
7070
8406
3518
2532
3655
9169
5365
220
1923
6368
4151
701
533
3718
7207
7502
7221
4662
6541
328
5744
961
9530
967
6691
275
7127
2581
8346
3181
5497
7113
7731
6235
1102
8128
8668
9173
1099
9316
3239
1190
665
2074
5393
3290
6316
9145
594
1209
9655
5099
3399
6092
9089
8595
5638
8199
8030
5854
1467
2271
6814
9514
2004
1869
2191
2133
1449
4003
2594
9037
8660
4648
9596
869
3011
408
5980
2282
994
1470
8673
9496
541
6271
413
6136
3315
8845
7485
3714
1322
5683
2108
381
3113
122
7134
9190
6587
8783
7599
4981
9922
6367
8378
7243
9539
2253
9673
4802
4151
4767
2439
7050
6946
6730
3920
5559
3724
8966
9479
9403
3422
6799
624
7273
8888
8264
714
9569
9970
1746
9227
4042
8038
5076
2653
9288
922
7708
5086
1399
9900
2573
4432
441
5845
4404
749
5051
9950
6923
1720
5434
5539
2115
6486
7294
1388
1037
3173
1839
3716
7052
7290
9887
3544
9238
7919
1323
8465
5802
6083
4675
3054
4773
5039
5414
103
2007
5347
5750
5667
4569
8533
3130
4520
935
1915
9444
9018
8159
3738
8027
3606
107
2139
931
9244
192
3679
4685
6879
6664
7166
8742
6767
8425
6331
7197
900
4600
553
974
9121
1634
6263
4666
5585
7569
2938
9476
1150
4341
6645
1288
9016
5395
1001
823
5454
7782
95
1021
4847
4963
441
5330
8408
9016
9342
9414
8914
8663
5191
7943
9632
2609
1174
7609
4140
6035
7601
7246
5242
1788
9665
6071
5347
6789
6817
1416
7745
8492
7134
8077
8076
5860
5076
2386
7927
4225
3837
5503
8004
3671
4155
2016
6585
6133
9851
1956
81
7249
6686
6568
6455
5217
5131
783
8959
381
9580
8255
7189
6085
6222
7991
4851
3455
9266
5178
8727
181
596
2632
1389
6164
996
3415
924
6876
2098
9684
4600
8728
6920
7566
9776
9360
3460
2956
4600
9801
174
8546
3102
4735
4391
8083
4098
1729
4699
9903
1032
225
6183
8115
329
6317
3014
6452
9147
9922
6339
6780
9495
6784
6688
1531
4631
8979
9182
6915
5340
4041
6710
1641
8287
4659
934
4146
5938
7999
3511
9783
7754
6165
223
8327
5311
7019
8841
1263
9799
7658
7520
7789
8973
1222
4247
8273
2012
1372
9464
3938
5002
7777
3365
2014
6780
257
6551
6238
4740
8859
7759
3675
2866
2043
5179
120
9725
5437
8533
8030
2468
9155
7510
2855
3956
2539
8440
5970
4090
1386
5133
4931
3091
4187
1718
4740
4093
745
5001
6973
4684
8633
1374
7172
2268
387
8627
4741
6052
7094
6154
3714
9277
2055
7997
7259
8893
1620
1907
3530
6335
8924
4205
5586
2231
280
4592
3473
9960
3287
7254
2308
7812
315
4633
6208
7156
978
8029
4246
4540
2439
4868
1283
8880
6956
5893
3460
1062
1934
6798
5438
2140
8956
7909
4052
8091
4715
2388
925
3579
8633
8139
4841
4588
9023
1114
3157
9896
2103
8011
417
4388
5921
4523
1439
2956
4293
1232
5638
2376
4233
2988
9110
9933
4028
9213
1097
1819
8122
1924
1846
1356
9254
5495
9596
6954
7944
7165
5441
2387
4320
138
6176
7427
7558
1743
6847
5200
3729
7570
6737
3694
3748
8786
4751
2801
9274
3847
2778
4976
5927
7774
8498
7151
9973
1821
2317
3887
6778
3861
6635
6933
6715
5189
9506
4304
7013
2510
8864
2822
6034
4889
7999
1624
9889
4152
7703
608
9924
3830
5605
6965
3671
6105
8640
5021
1104
8429
259
9453
2691
1474
64
9611
5663
7931
9860
3161
163
7260
6766
537
7474
4993
1013
7831
8437
6408
3302
4613
1311
3498
4207
4961
4838
1015
6000
4464
4085
2091
5477
3366
3758
6429
4912
6143
6088
4396
7084
815
8174
8463
9481
7063
6691
9409
2250
844
6248
8449
4230
4592
1388
8024
1498
6347
1168
3370
3259
8165
9611
4191
621
4047
4911
772
4824
263
5219
1657
2828
6446
9073
715
9811
4112
4093
9790
108
361
8445
9461
371
8453
5731
4449
1344
3642
5490
2142
7525
2236
8272
2377
7221
4174
6389
4129
9009
4583
8857
102
4464
7772
1816
3326
1165
7883
3736
816
4450
4058
8116
8129
1160
4358
5051
5202
3727
1934
7035
8251
8314
8965
3687
4707
6483
8745
4681
8172
5842
3970
128
8210
1502
9734
2867
5407
6788
3062
7709
5588
8647
6893
8515
8351
441
5342
5205
4130
2414
8814
9265
897
8030
2057
8136
6303
2579
5633
5977
3580
8973
1408
745
9826
4505
5677
5266
3457
1484
9310
3020
3535
4120
2915
7754
7452
3817
6432
9704
5020
5119
6801
191
6399
4939
4378
699
8502
8437
8638
2113
9504
5924
6369
4771
3937
6508
1033
201
1453
5853
261
976
814
7376
9568
6005
6899
8506
4263
4724
2627
6174
8282
5197
9538
8652
8202
7887
502
4032
3051
9019
5526
9197
5684
4873
6946
6930
9498
1082
3436
3010
5014
9077
3204
9556
4503
5193
5507
5694
9204
6616
6198
1691
2937
2363
7388
8100
7952
6779
3517
7178
3706
7667
6125
9874
6912
1087
7449
7992
1720
113
8599
7823
2127
5390
1515
8470
4877
1197
5159
5387
9970
1913
5497
7230
7675
284
5659
2016
5447
655
7426
6819
5538
7515
7641
3725
4206
2072
3511
3633
6475
7365
8878
8634
6114
5443
9482
3142
9165
8544
9016
3767
746
9845
9331
7962
9062
8398
7532
1910
7643
7135
9922
8818
6638
2460
7733
9806
6686
8877
2438
927
4355
2344
9033
1491
6435
1604
4168
849
1466
7611
2230
3043
802
7341
6577
1340
8256
9801
4999
7550
6879
8807
8162
4250
3813
9281
7348
1568
9304
1196
3057
3995
3941
8070
9246
6876
8995
4967
8866
6662
8308
4315
5155
3807
6618
6549
9704
2263
8437
6576
2697
4940
3621
6367
2923
194
640
8586
5179
456
6218
6126
487
428
493
7643
198
8935
133
9738
8494
5489
7955
2318
9063
9884
6495
4835
801
739
4738
7612
4252
6797
1707
4253
5244
3020
8023
8261
4630
2016
6658
9433
3417
195
7127
3321
665
7202
3120
120
7501
6612
2215
7718
4358
5690
7683
7300
100
2054
6677
8926
1111
5532
6089
8778
5581
4186
7250
9419
3279
4496
3296
9307
3882
7066
8496
8085
7603
832
7150
9695
267
734
746
6252
1282
6083
5994
1790
7006
9439
3091
6485
3885
8727
3078
8766
5460
8522
5549
4842
4840
9951
3113
2623
9535
2523
6977
9721
8734
5330
8838
3312
3997
9515
7861
2986
3137
8715
7923
6398
3617
9232
9565
1531
6181
7114
3089
8685
1622
5028
4147
9933
3626
7846
773
3700
8426
2180
1346
7381
7637
1773
6211
1469
4130
7612
1838
4521
1990
8889
5268
9485
753
8550
8362
8400
946
5051
5885
4286
2674
158
8822
6162
1515
1159
4488
5563
6275
4694
7964
666
1335
8548
5203
7201
2234
7227
6723
3683
6890
6910
2246
2180
6478
5448
860
4847
9300
3506
8321
733
8246
3617
2966
7012
7407
4985
4387
3700
6249
3186
4456
1190
382
5572
8649
5462
6407
5141
6639
6723
4582
7939
5117
3394
7130
1591
2480
4865
1878
5531
4585
3241
632
6649
3136
6427
9191
7640
3388
2324
1237
9156
5896
6657
1451
1025
7781
5010
4180
2259
2593
3016
2716
4348
4301
7333
843
7415
116
4012
2665
4240
8950
208
8946
2830
7113
9760
8208
4265
566
3132
8625
8895
3486
7432
2423
578
6218
2793
7913
5649
1780
7255
5562
571
8993
3499
3574
9798
2072
7228
5334
3293
1008
8853
5773
1355
4459
7220
6211
2927
7021
6564
7570
2408
5736
5614
9975
9121
6466
833
2702
3083
9391
4151
2224
460
4289
9210
7625
2223
489
9161
2085
9868
3423
3348
6315
2834
9571
9819
4832
3225
4248
5564
8780
4822
2150
6604
9664
4992
8905
5612
6771
79
2921
5628
7352
7137
803
4601
2675
7444
6279
6988
4984
144
2169
5455
47
7580
7244
7817
7540
7391
5006
1838
6782
308
9406
3184
8521
6703
3290
9954
4380
9443
8976
521
4351
5347
6781
139
9298
2652
6553
5737
9797
7276
9279
7657
4863
6400
719
1675
4110
3898
6688
4616
4706
8497
36
2085
135
2175
2742
7413
1219
3308
2574
6776
1102
6314
2728
6632
4995
7143
4560
6110
2332
1877
8083
8799
3726
3887
2247
5496
7579
3559
7188
1910
1552
3391
3608
3059
2242
457
239
9155
2315
7675
8960
6143
8169
5091
8522
7737
2713
2483
2111
4804
7275
4994
960
2216
3824
4213
6140
2976
3714
8132
3273
4276
1974
4783
410
455
6812
5962
7619
3346
2427
9456
7906
1374
9511
417
3035
4972
1876
5171
4513
7334
9528
3589
9574
6373
8214
9414
4333
5851
2973
1423
1450
1070
8547
2173
7630
7286
2638
5196
7062
7031
8947
6013
521
5925
5699
7068
6251
5224
1908
1810
8005
3357
8047
8514
7627
7997
9975
187
4436
4842
4967
2893
1335
9212
6547
1182
8036
1807
423
5978
5096
528
7306
7199
8556
6146
9629
713
3886
757
8256
6771
9683
4490
2179
4992
6093
7711
8859
9180
293
3105
5427
3755
1524
4442
1228
2472
1162
6580
369
9179
9084
4302
8866
9902
6213
5984
4728
5263
4507
1729
922
2356
9935
4639
501
5596
971
8173
442
6778
5039
2176
5661
5585
7961
5083
7592
3154
6984
54
2264
2943
6219
8359
1325
5082
4448
4178
5677
2731
9153
1193
5479
1470
7373
2812
2161
5726
3525
4706
7771
9402
6655
422
4520
1418
4806
8298
2668
715
2106
633
8069
9419
5021
4124
1619
7315
7782
3956
1615
5579
3449
2612
6607
2781
6265
8451
706
1587
3026
8435
5518
293
6025
3982
2862
9358
7806
8852
290
9425
8442
3249
7010
3990
9327
8830
1319
6832
3602
5234
1857
1576
2230
9868
4109
8391
6463
9246
434
669
2002
1922
6629
2808
7494
220
513
8678
166
371
8364
9255
4393
8433
3159
6999
4789
2403
4532
4061
3974
9309
4106
1151
6660
9769
1441
3997
5839
1463
5217
4726
3979
7300
1473
6206
1925
3669
5730
8424
910
9100
8653
7298
8534
3891
5528
7978
7866
6841
8303
6668
9946
6062
5165
7243
3848
7065
6740
1564
5215
2765
9852
5253
3722
6908
9495
3945
2251
4482
7164
8520
5762
166
9045
1678
5790
8572
656
2380
7319
8107
5515
9098
8353
3653
4149
7660
8968
1949
6341
4482
5793
7532
3891
1464
9985
6426
3365
4468
1538
9373
8324
3367
504
6336
8333
7972
6125
9243
7691
801
8204
507
286
4617
1129
715
8201
9926
9881
75
812
5239
9090
4684
7979
773
752
509
5628
4497
3538
5071
4539
7955
6854
9276
3488
8121
5717
9560
5988
717
8369
3579
5877
9849
7109
1056
702
8642
4251
5063
3473
5587
9367
8006
2698
1772
980
922
7856
4822
5746
4261
2422
6456
827
3312
9436
1849
641
1640
5188
703
7444
1475
5082
1824
6336
855
1986
5332
9165
3509
1422
9202
8561
8967
9897
9705
2847
7178
2295
8594
4956
4039
1830
3337
3612
1690
1332
580
3054
136
7809
7171
8337
4849
3139
7511
6871
8357
2550
804
3254
2498
9066
6855
3717
2045
6536
4453
8492
9666
6021
2114
5320
6850
328
6957
4935
5334
9335
3849
9873
8804
4335
3590
1231
5238
3123
5865
4096
6072
8770
9996
1309
9610
4136
4079
6920
2545
1021
1010
5262
5291
7584
8125
8904
3944
157
5673
8933
4108
5886
8225
3960
9582
805
2220
72
1947
3848
2366
2522
5473
1113
9335
1401
5432
6225
1330
7728
6927
2042
2460
3453
5609
6164
1604
8741
1315
7688
6446
2518
574
5481
8720
7800
4156
8895
8340
1569
1440
269
6060
97
4192
4849
6589
4504
8567
7802
6658
8099
5624
9911
5456
6560
7458
3217
8051
4393
8157
5392
5939
6251
6252
6947
2712
9683
8036
8513
6974
6686
9215
6383
9100
5010
5718
3264
3218
6607
3142
7745
869
9827
8365
402
8200
4013
6095
6628
4282
5
7804
6299
4124
7708
383
8217
6355
2390
7127
2881
2121
4634
4198
626
8786
5000
1593
3373
9234
3340
8824
7361
5195
4473
2000
1085
922
6430
834
7360
1717
4861
1181
964
386
7351
1183
3606
3497
4370
6802
6129
8484
9370
5619
3777
2109
9161
6112
4134
544
7089
3320
8918
1457
5796
818
168
8855
3353
3172
8607
2177
6441
2750
6925
2125
6895
9607
3587
7098
3422
3474
3376
5698
8585
2407
9354
2789
2249
3515
7161
8816
6617
7397
6663
4731
4683
9372
7832
7717
3497
7434
7440
6167
5979
8958
673
5860
179
5606
7066
3144
2881
8666
3324
5059
5203
5063
6520
816
1489
7693
9934
3823
9181
2384
353
8517
6583
7801
69
1689
7494
3901
8961
3673
6519
9183
2108
832
6536
6892
6155
7064
295
5589
3341
8749
1374
56
5480
4493
5883
4375
1514
8299
5155
185
1276
2401
1438
9652
5022
3890
3134
4446
2953
7452
3470
9183
1505
5109
6659
190
3452
2644
8606
8206
7054
1573
4966
6700
5381
4978
8014
5832
757
5295
5144
5789
781
2224
6114
2201
1820
9360
3114
670
3027
8819
7666
7042
8978
4187
973
5004
1812
3445
9837
2812
4430
5176
8563
6541
4713
3321
8352
8074
7025
8031
9610
2280
1300
2748
9334
9279
1920
539
5276
4539
8279
5945
919
1619
6441
2097
501
9874
6625
6720
1268
2103
4372
4782
955
5244
4211
7
2067
544
3400
2249
982
8344
9875
2818
9108
6590
2941
5239
5357
1511
7432
4641
4078
3491
2071
5005
237
1137
591
9826
4123
1748
9800
8416
1135
6976
2253
6998
8326
8318
2395
1065
8285
8282
4180
3034
2666
9535
5001
7131
2230
6180
5494
1655
7584
8405
7273
7318
5013
4185
992
9146
4746
9460
5244
8636
4792
1287
2762
2273
2109
6801
4170
2326
4250
4519
1054
5914
8888
3533
9562
8715
5648
405
2903
458
4529
3225
6138
286
7869
7226
9476
1498
8286
6571
6927
6758
3305
2504
5607
6869
8509
8924
7242
8463
4942
2612
7518
8557
3238
6848
759
6808
6491
3946
7182
9537
6211
4374
7413
3107
921
7546
4321
8057
4879
2105
5357
9589
5238
1605
9499
4423
9542
4842
1700
8842
1871
8762
4304
7816
5194
5905
9243
512
9505
7599
7085
3189
190
8789
8956
6529
8729
263
5220
768
8327
9345
414
8651
334
614
7397
3211
3451
4133
4917
4617
6616
9823
1883
7958
8178
3115
8519
1702
8551
8833
9250
4806
845
7361
4707
8954
4171
9593
551
1261
7283
4912
8937
1914
6007
9476
4408
692
6517
491
9760
6090
7944
5810
8985
832
1993
7200
3781
7999
4348
9921
7348
2671
2434
887
4145
5043
6807
2605
7155
2272
8931
331
4810
8019
6339
5449
8180
545
7362
8926
5311
2555
1426
4912
3628
8535
7748
6009
3253
8249
4715
8575
3735
8248
4644
8516
4251
6815
3751
5483
2609
1552
5164
6109
1554
3013
3575
4986
1813
2214
3755
5462
70
4660
1560
999
6645
8581
5295
1847
2024
504
7318
1084
3601
6969
654
8695
3975
7256
3038
2287
2
8289
1275
8302
7413
9572
2112
8122
9251
2947
1921
9334
7675
9255
6388
3634
7702
1560
3159
9292
8390
2497
4910
7948
1622
1533
7688
2618
1196
6422
9495
6209
5215
2022
7127
7592
2942
8733
4998
5352
3188
2336
8349
7681
5111
6749
4615
581
3832
1311
966
5520
2686
4626
3083
2008
1108
7688
73
174
2184
37
3112
3338
6689
4054
845
855
1093
4120
2924
7025
5463
9362
4094
2750
3426
961
5229
2815
457
7584
4381
3127
8629
5425
501
9089
5655
2529
4796
8390
3566
603
9904
8914
7704
1374
4992
5237
9807
8674
5719
5222
9967
1931
1587
1588
940
1474
9619
2033
4910
1207
2536
5450
7154
9549
1654
1127
3295
5286
9559
2383
6787
999
5289
6091
1155
3067
5249
4723
7097
3884
6343
8145
8036
8918
3941
8243
8963
8490
6195
662
2466
1754
7960
4393
2752
8249
2099
1808
3147
614
3337
8805
5072
587
9951
7198
6829
9235
1603
9213
8641
1508
7383
6997
6359
4707
6757
8458
3
182
7509
4370
4865
7708
9014
742
2308
2352
6200
4701
4566
4386
9434
1790
2890
3816
8211
7496
1174
2409
2023
6088
7864
7810
45
5374
7371
6233
2431
6871
8480
2549
9870
7077
1336
9128
4823
6996
6437
7738
7378
3896
8796
1985
1039
1402
7917
1321
8898
1438
9581
1468
8644
4292
8534
283
5649
1141
2159
2524
6962
6709
3942
1768
5467
8461
2123
2816
2703
2681
3326
3321
853
7134
3116
9092
9287
4584
5500
3533
8714
1430
1156
8052
6450
894
9840
6880
9626
823
5860
6737
9255
1990
6774
9047
6984
3971
4514
9981
8098
2180
5068
1526
8886
1443
7495
4978
3808
8602
5617
6779
8107
9092
5998
5483
4451
166
3987
7742
8006
6488
5562
704
2933
2215
6414
7980
4724
7335
1361
6408
7008
5050
6501
1267
8527
1278
3740
8296
5791
6993
2343
1884
9639
9015
4969
176
9370
5156
6284
9426
6416
5133
703
1973
638
9571
2063
4402
6224
5573
2109
5121
923
8844
6549
3426
1856
9148
7146
5371
3535
8013
5809
5279
8853
5022
1976
5554
1821
1757
7726
1634
1577
565
5973
3345
842
8621
5900
8738
8379
6501
6318
1552
4252
4437
2054
8831
8729
8754
649
993
509
5587
6669
2598
7647
8926
8743
8473
4993
5280
87
6442
5291
7790
6715
4918
7150
8509
8795
862
2053
8745
9694
1203
4258
3847
4118
8738
2020
628
1472
1705
5909
2750
3061
4790
136
1794
2086
8126
5829
9528
3509
26
941
9894
6823
8630
112
7652
8519
7445
9209
4252
2609
9817
3486
555
6942
7803
5369
260
280
1596
7712
7599
71
6715
1030
7704
3690
7469
8711
8367
6583
6894
2482
7433
9143
5294
1522
938
462
1812
2517
3296
1128
6040
4698
2329
9158
9566
3422
8739
2829
591
8234
1741
1693
8250
6494
3
2383
7130
1638
9798
8945
6613
5939
312
8377
4144
1232
9427
840
6295
7482
1988
537
6587
8302
6546
7675
4428
4577
5884
4113
5243
2188
1234
5294
7896
7525
70
8913
1831
4910
2531
6358
3038
3394
2173
6477
4876
6454
2542
2412
7087
7058
2289
1363
3912
2287
8017
4009
129
6228
5880
5019
2025
7237
44
8580
8875
5815
8575
3220
9297
2311
5054
8303
6037
9490
7279
551
2185
3568
2773
2692
1593
8770
4517
7906
6371
4650
9302
3127
4725
2510
5415
1475
3116
7056
5982
9050
7739
2124
9237
4216
1679
4786
7209
8066
5727
414
9899
3261
2811
2431
2869
4662
8286
4330
2359
9257
886
8330
3541
4782
2072
4541
4310
6102
4700
6882
9159
5970
5471
7149
5087
2057
9467
6626
4263
5325
9193
5401
6193
5723
5075
3178
5536
9982
9061
1759
378
2832
8118
8641
9770
7349
9797
3169
8660
2362
7748
1578
2928
4826
1090
4890
7223
2922
7903
4150
3476
1241
9726
723
8595
2908
925
5534
5639
4709
4084
6
4024
389
123
3203
746
4168
9783
4214
6461
1210
1318
6182
7337
4296
7751
8523
6075
6282
5904
6885
3183
6040
8544
6183
2701
1543
473
619
4893
7503
9153
6065
2144
6559
528
4370
3269
2379
1141
6211
5752
244
8338
8971
5070
5703
1354
8765
5161
4682
7472
1250
4355
9109
9025
4112
6650
510
9039
5253
9064
344
5545
4596
1995
9868
7190
4168
1003
4258
5698
659
5245
5357
3903
7013
9898
4986
1642
4749
7348
6013
5610
6732
4679
1574
3433
859
3012
3749
6690
8766
7665
1746
2370
44
6744
6266
7366
1720
9800
1057
5964
4759
7465
4885
6063
4223
7626
7161
5809
7387
3614
8287
8745
4575
5129
1399
2150
791
3172
5654
280
2300
6154
2465
1431
1257
5491
5149
5376
3185
5523
9345
5621
6663
4376
6256
9114
1924
9538
3280
4601
5242
4303
6917
9634
8958
9034
965
5399
2781
4212
8978
7996
620
630
3717
4568
8606
5768
7886
2772
4181
4363
9839
2494
3215
5526
5145
9391
1899
8349
9899
919
2898
2889
4485
6788
675
3656
7160
7477
9205
8299
5230
6394
6419
5033
7888
3520
3604
8553
8843
1003
4725
5668
8747
4033
198
8673
7123
3557
1952
6646
1037
925
1828
2233
3023
8384
3319
4259
3972
3483
7437
4570
7577
9940
7124
836
1746
2272
1026
5782
8912
6578
6659
7261
1604
5291
5075
2926
1805
9393
3959
7841
2641
7644
3763
3344
8786
8683
1966
682
7568
8543
3842
3514
6246
3057
4202
9249
2159
1915
3525
353
1531
8738
3582
3266
9611
9403
2236
4377
9501
9095
4433
9613
9550
7067
6560
6640
9530
6945
4349
6409
3891
9545
269
3858
6420
4657
4971
5911
4300
7991
8757
8641
1214
9615
3286
4423
8473
564
740
4236
368
5057
7570
9862
4955
6756
2574
5705
4282
8843
4549
148
8742
9360
3049
1954
8643
5190
6900
8090
2369
357
8994
5506
4575
6905
2684
921
9733
9505
4560
9464
6061
8167
815
5148
2362
6945
9526
3552
5622
385
9168
9894
368
3577
4485
3659
1715
6180
4420
4379
2796
5528
3246
1802
3851
9029
5240
7709
4615
1478
5327
5914
3881
8596
2914
1645
59
4148
3871
1379
4454
4322
6018
9510
4554
9727
6846
8726
8100
2270
8232
6893
9964
1538
1879
4388
2931
2800
907
2326
362
6727
7575
3957
3425
9092
4472
8585
8072
7256
6667
9832
7283
9072
5298
7792
2208
9012
8866
7681
1820
5759
7109
5969
4414
5291
3739
8636
5880
3591
8551
5222
9067
3471
6484
6624
5739
767
1007
4207
7637
6149
1947
2763
5989
130
3276
46
9446
539
4732
1216
8857
3644
2206
7358
3561
2414
5761
3442
7963
8000
889
2578
9020
3382
8124
237
4969
1390
8511
4203
3152
2790
7584
3490
104
3986
8473
2159
188
8041
5584
2068
54
7164
3865
1930
4907
9611
5100
8738
9174
9014
1916
1629
8539
9563
2200
7544
2505
6178
1505
2665
6651
4836
8665
3558
1587
4542
343
7170
1237
9108
3505
9406
6517
3837
922
7861
1754
9516
3740
5496
255
3679
6839
8487
2312
7026
7298
3356
3642
1088
3594
5533
4758
1738
3356
3997
2100
2028
456
4346
9874
6919
8014
5715
7511
2005
2516
5342
1417
8048
5622
8243
1230
3261
4510
8463
232
5672
8623
2679
6718
8604
523
6542
8155
3346
1272
9083
2781
4415
6175
747
3939
4466
5067
6181
866
7872
2392
3766
5935
4263
6253
70
2422
5918
2354
8889
8737
5767
8249
1351
4776
6034
5739
5670
3542
1011
4348
2597
6521
1336
6845
5308
4427
1285
8544
577
5871
5044
5708
1431
5285
2709
4837
138
7983
1859
3802
4442
4647
5923
7862
9175
9707
6296
8441
85
8104
1189
205
6586
2741
497
2470
5401
568
2684
4246
7647
8681
6574
8346
7735
3098
8276
8883
3694
1921
1018
8225
4962
1502
3575
4003
5555
8901
1213
4143
7592
6467
1546
8025
2621
4665
6597
4893
5918
7421
1471
6388
1987
213
9501
8712
7877
4865
3556
1332
4574
6620
3212
3363
5779
8399
7962
5812
7630
4401
7299
7723
2577
169
9559
6911
5557
9094
2742
1483
832
5958
2181
6597
3439
6547
1890
2050
47
8658
8688
172
217
3870
813
256
534
1333
5601
5272
911
4551
4055
8987
4463
9616
3622
6766
9795
8688
4359
1313
7278
5653
7811
5401
8963
1827
2375
7241
5131
8336
3721
559
9175
8390
3912
681
6498
7031
8270
9956
2410
8147
4758
722
8647
8549
6648
1654
8039
6732
5618
3841
2123
9571
9039
6226
7036
3663
2198
6117
8903
9262
3459
9436
1121
3854
7983
7075
2398
9292
3484
8267
6281
1086
9751
9254
9954
1007
2173
5674
2559
4420
8342
95
1036
1955
5961
1889
4523
1029
9750
5260
6726
6513
4820
2649
9357
1417
4054
4974
8738
7823
7474
7185
1954
5517
2236
7501
8583
785
2960
1328
8945
625
3427
6352
60
8313
2313
3594
6073
4662
7617
316
745
5597
6686
4573
5831
740
1366
7942
624
9581
666
2509
4765
1495
6562
537
8552
3404
2100
391
2373
4176
4754
319
9690
8008
2205
2422
5996
9969
2112
2798
9587
5662
2261
223
8637
3515
2547
5001
3078
2607
5658
1605
9096
1124
9021
3639
8647
568
6619
7276
6362
8635
5610
9817
1438
9343
9346
3332
2653
2418
5325
9391
561
5210
3918
9881
2032
9490
1270
567
8871
2365
7702
8644
4006
5215
1135
2853
5870
7131
3580
4908
4035
9568
7599
3963
6909
7152
8772
1648
5338
5447
9658
3762
4349
310
560
6206
8943
4997
2425
6876
8838
579
7679
2353
1370
2432
5446
8046
1385
556
8685
3091
1875
4327
2064
6848
9375
2887
1078
2056
3662
860
4869
866
2206
5313
7467
3864
5977
3973
4784
8920
4702
6575
7578
6254
6508
942
3813
8459
8964
2883
7383
9379
5990
4319
3995
3722
7842
7203
9144
101
9440
1726
7611
3751
5662
6061
8653
1639
931
1489
6164
1877
4397
1112
8476
1409
1326
2570
8194
774
5939
5186
8468
2441
869
9784
8453
9674
3628
5051
7363
6177
1075
7785
3475
2865
8710
5603
1719
7053
2803
9776
1095
1044
9892
2727
1016
1668
9945
9442
3948
9659
6644
4541
186
7933
644
7072
9481
815
9430
3261
3373
2022
444
3342
1530
7864
2511
2405
5208
3489
4297
6745
988
4265
7507
6567
8385
1408
6841
3144
5615
833
8364
3484
8835
6870
2847
8416
1522
7957
901
633
2279
9713
2278
7671
1364
1917
2588
1067
8453
9808
6841
7018
6797
6867
743
5731
1793
5779
7476
6365
5215
6618
9785
1980
9876
6489
4675
4208
3333
2799
718
525
3390
3162
6053
7916
2626
8516
8524
5532
3936
2468
8087
5453
4187
9090
5601
5106
8451
3449
1434
7051
3036
3999
1935
1879
1528
3621
1742
7775
4405
6604
5159
5936
9440
2104
371
4488
7064
776
6158
4800
2143
141
1929
3165
1203
6016
8400
7705
2050
1850
8056
5055
924
5178
1639
3886
875
563
9348
2654
3875
1384
3170
7103
8321
8600
9845
8970
3071
3249
2285
1143
8909
838
1009
6056
8429
6
6107
3506
5739
4917
4575
1288
8075
631
7462
7016
2472
3441
6229
2367
1944
3579
7943
1579
7309
6022
4487
4513
2721
6227
1851
815
5280
1521
1726
5837
1661
5627
9155
788
7605
3335
6750
9368
9329
4666
8153
566
9443
3085
824
2697
3793
241
981
6829
9796
555
1587
8738
1313
2547
7649
7267
9863
228
1749
3557
7069
7086
6765
9971
8649
7283
2001
9769
5955
3479
3601
8568
7091
8395
34
6463
5997
7714
8677
5312
4512
5184
103
9137
9412
6903
2521
6857
3680
688
24
5624
8863
8159
4769
9951
3267
1681
5043
6477
8947
5710
8275
6761
8996
2210
478
796
5445
2819
1385
2071
7262
6196
7543
975
7388
7645
4051
7067
7520
9445
9283
2335
9463
4629
5932
6941
2226
3928
6025
6133
4812
5500
7172
2048
5620
9681
2255
6914
751
6528
4989
4824
5148
2167
9350
7686
2458
1094
1763
7213
1797
5471
1057
8899
2159
9208
2776
5809
8145
4151
1156
9691
3864
8048
4268
4461
5413
9133
5205
2397
6176
154
4976
6547
3299
5460
790
3777
8229
8343
6820
1658
8896
2288
3185
8960
6283
8977
2900
3911
3473
7948
5850
6561
1011
7669
3462
1622
8415
5440
7666
5962
8036
4029
3012
563
4103
6217
1330
226
6737
4564
4220
5526
8036
2590
9820
628
4870
5315
6802
7436
966
1630
354
1265
9051
8345
2026
5711
2356
5895
7737
4740
3628
8685
6011
8132
8929
8856
1529
2385
2986
819
7493
2916
2614
5358
3945
4999
4827
6327
8205
237
6667
9968
7885
2583
4459
6790
6547
2922
1267
8572
7034
4051
2637
8537
7708
8539
2363
1063
2422
378
1995
8359
5900
7610
65
5481
2376
7184
9598
1783
6875
5175
5383
6437
5263
5210
5678
8001
1382
5432
6577
3202
6953
9679
1057
8063
2730
1679
8929
5287
7401
2004
8331
5440
4126
6293
4214
5873
3278
9833
4332
543
3944
7953
8665
5958
6050
3898
3914
3314
9598
5858
718
4542
7429
2645
7605
489
3172
3146
2324
2731
6603
8133
8158
6622
4484
4258
128
2097
6171
9160
3544
490
9736
3454
5287
143
6180
111
6422
965
6424
4225
3230
8237
8193
6487
2640
8965
7665
1824
7144
9853
3793
612
3774
4578
1605
3627
1472
9478
4439
3470
1286
964
4083
4581
4223
5041
2096
1177
2301
9144
5197
7428
9365
9199
2538
7033
9572
254
2950
9968
3109
7353
5751
2660
650
4403
9643
4058
359
2728
345
4182
3812
7695
9154
3594
125
1378
1386
1934
783
1550
5806
1192
1188
2468
3572
4675
8789
907
7952
5801
1799
1671
4156
1773
6975
417
1963
5958
9706
8060
2533
9355
4742
227
4771
5945
1304
7307
5913
8885
2024
5452
5646
4538
1183
6585
2981
9147
4062
5948
349
8593
5875
8982
9968
5122
5696
5476
3347
6201
8089
7810
6046
9717
2730
1858
6237
6623
206
3647
7457
6843
395
2242
3060
6742
8352
9463
2288
6799
1468
56
5647
6255
814
1686
315
7452
9058
2772
4686
6336
7092
7558
4830
7184
1629
2067
4654
8984
6392
1629
5843
8087
275
492
3286
6804
6827
6751
6614
373
803
1243
8749
5426
9131
7406
7881
1486
5644
147
180
3300
1165
5741
6744
5892
3157
1449
9746
6092
2017
3140
9581
4009
4339
1514
6908
5405
6965
2705
937
1277
9499
7042
8033
4057
7113
480
2784
824
9919
6895
7033
2636
9975
5778
1074
5716
2065
9141
5184
4560
9806
3469
8995
9264
4352
7411
801
9373
8955
3562
8851
4362
9040
3181
1917
6504
4044
5956
6965
5340
4270
3070
7651
4199
3261
687
8538
8301
3799
2759
6405
882
3536
6546
1865
8423
4456
1638
1577
8646
8922
3402
3827
5197
3878
4771
7938
1111
3937
6087
1073
9088
3545
1292
4341
372
8183
205
3799
5585
4670
830
936
277
1011
2694
1555
5122
6966
2059
1537
5733
7530
2520
2973
9844
2849
9985
4319
302
9759
9323
3848
699
2097
1055
6507
6782
9185
403
473
823
4518
7718
1216
8020
9542
8866
7651
3712
657
6501
7111
7678
1086
8296
3290
7135
3088
6238
4044
3168
161
1806
4007
6281
3321
5533
345
5507
338
5813
8641
2114
1878
1060
9918
3289
3928
1392
9097
3410
1558
809
9812
523
5142
8566
438
3442
6447
8874
1431
553
8706
1366
4628
4821
1701
887
1045
793
200
4038
4854
8428
1648
1699
7771
5492
6929
1224
9827
4947
6240
9409
9680
6270
599
7485
9991
9962
8410
2340
1201
2644
5599
4013
35
6087
7345
8068
7483
7266
9168
2880
4649
8127
5250
6111
3882
3115
2252
1677
6902
9725
7610
8360
1229
2347
2313
3901
1198
2481
9507
3874
54
9056
1913
2931
5184
1022
3029
7131
9425
643
9331
9952
7553
9995
3304
1340
8561
5052
20
8679
1142
1459
3199
911
1896
3567
195
2225
3244
3660
9235
9684
739
1424
6322
9973
7544
4652
3739
4035
7215
949
6823
4801
4597
6759
785
2429
8640
4449
4761
3508
263
333
5955
5557
2987
6590
2815
5794
4008
7802
2468
3631
8626
8488
4323
9655
1486
1483
8709
9951
3982
8224
6677
3526
8324
1120
4697
2350
5296
5037
5876
8041
4513
9647
7535
6600
3125
6894
3510
2749
1324
8134
8379
8408
780
3682
9970
5652
5168
3399
5965
3074
331
743
182
5898
5300
4273
4234
4438
4374
9974
628
2496
4803
4973
4093
7200
4197
8226
8979
4395
6741
6576
1850
9223
7532
5220
101
9787
9913
67
9363
2920
1542
5722
4729
4978
1120
6935
3448
7322
9209
3181
9611
5679
3344
5798
4575
4935
9800
4575
397
6078
1780
6022
7392
9983
6552
8688
1063
3531
2105
1833
8132
7141
7266
2536
6171
9235
7922
2869
6413
2355
5949
3177
4736
7723
6783
9678
1503
9856
6190
4630
7009
548
6698
5114
5563
1973
9421
2127
7948
1994
7561
5128
8916
829
3726
8429
3674
7169
4397
4912
4895
3548
1375
9423
9704
5337
1834
8890
4277
5047
5730
8743
2239
3833
1744
5513
1876
5036
701
3624
6313
419
8428
361
314
8321
8411
6727
7072
4427
8293
3498
8514
1
3226
1155
2988
9548
3418
9579
4954
9675
2833
8395
2293
3604
922
1682
8223
1260
9513
1400
6416
3176
2557
2327
9918
7507
7272
7554
6717
3424
1432
7683
7411
832
3019
8724
3311
5945
5292
3412
6548
4555
2416
8153
7261
47
8248
3153
6789
1155
3602
6396
9939
5261
5396
3101
3858
6637
4426
1041
5837
5458
7217
8673
7417
2613
1374
7434
7622
7423
3188
1725
3816
198
841
140
4719
9232
6512
9310
6465
2336
5916
7361
9219
6281
4370
7443
8844
3627
4343
3040
5386
5336
637
5847
7714
9298
5833
3878
1578
9431
447
2175
6553
7377
9365
993
5839
8979
8535
6661
1767
704
3672
8443
8976
6957
5768
695
6701
7866
6554
3338
1400
8488
787
5284
1004
4658
1184
4778
2521
7708
6152
7890
5378
174
87
1327
3984
7233
931
8611
4251
4130
9936
9273
542
8112
4127
9183
1417
4521
2839
6371
4848
587
5867
786
6178
7208
2283
8322
4954
8535
5764
9120
30
1543
4396
7699
5818
2927
368
7742
6429
8635
7686
7555
8591
2170
4116
3120
8678
1348
6931
4432
3989
9669
699
7408
3474
7643
9378
8002
8526
1475
4257
7389
156
1366
3918
7069
4906
9353
2325
584
8186
7071
6392
4154
362
7145
4923
2000
7914
7993
6709
3389
9221
753
6733
7477
2150
8769
5928
8952
8502
4619
1753
2138
8601
7008
3960
3765
7821
35
2350
4897
5694
303
1083
682
7394
3139
7136
2505
6837
7802
8900
895
439
2956
4560
9124
648
7932
8926
6786
8750
2330
1655
9887
7205
6374
9463
8944
2742
7093
9828
9436
2830
892
3924
9588
9751
1336
2132
8900
8482
2129
6269
7103
6886
9119
8919
7303
9259
1952
1725
8935
7214
5485
1283
5876
5085
3464
3446
2558
562
2115
4229
6238
5092
9275
8284
6746
2750
5494
3960
5937
750
7138
7323
7877
9507
7920
6207
7322
5290
4554
9354
8485
3891
4221
5010
8218
9435
6435
7953
7810
8492
9524
3880
5388
6011
2447
5312
6540
6193
5941
3725
4256
8449
3114
8506
504
5800
8496
4489
866
729
6298
6348
518
1318
3179
9896
4551
8810
8151
7500
8127
6161
2451
7215
2300
6074
5144
3004
9457
6092
6066
6472
8282
7830
6267
8894
1912
7177
7560
6011
4521
2412
7015
7061
945
7541
9248
3819
1189
8921
9245
5024
6614
4221
1098
6539
7490
4135
3522
7781
2167
8899
1320
575
6625
3636
3040
7397
9377
8809
9025
2204
801
4690
734
8497
7847
1599
1810
6116
4767
926
3673
331
8021
5452
3614
4289
8852
1331
1342
8559
121
8235
700
9616
4987
8636
6915
2451
3738
1983
6116
1197
1674
4593
3116
5628
5312
1501
5482
713
6397
2217
6769
1038
3206
8363
9460
1791
6433
7501
8648
3321
2629
4115
755
6775
1553
5671
7721
4220
5112
8958
5996
7830
4586
9497
1385
9214
9772
4705
5362
1765
8319
9717
5805
6027
6096
3298
5278
520
9710
100
2952
8187
456
4683
2068
1712
4901
2191
3438
9289
1103
313
6882
6155
988
7288
6761
6131
8844
1094
4772
1782
3045
5666
3049
1389
3151
1039
3263
5863
7363
5613
2913
8993
5904
435
8261
9950
4394
7301
4505
7865
7517
4807
7661
4455
7358
9033
9387
2188
2665
8459
5503
2273
5015
5916
1314
8869
5329
3906
2029
3374
9552
3478
4520
5354
5403
950
7481
4765
3085
1295
628
3471
1578
1725
16
2748
8731
4140
5769
7455
7730
475
560
6876
4746
716
2024
6819
2544
9367
9979
7538
2692
2493
9774
7245
4599
4117
6399
1567
3117
7704
85
5147
7634
5740
3039
2798
4721
8029
8699
4078
3230
7179
9402
6993
5481
8012
5763
3640
634
6134
1176
3028
6727
9738
7869
4068
5940
7866
6702
4783
3623
7832
1533
2144
5375
4260
356
629
8047
2295
9691
6607
9893
7948
5692
9925
2342
9229
5336
3731
819
2775
3710
8465
4909
1990
8872
6226
8765
4393
4088
7248
1124
7801
8314
1121
546
7282
9739
1525
5561
7374
3914
4815
1317
6980
7537
9510
3978
7569
1326
5939
1669
8808
568
2681
6069
9637
9909
9193
1891
6891
9759
2084
2435
8089
5264
5845
8155
9751
5231
7552
1769
7711
7618
9025
7811
1272
233
9251
6716
8796
148
4500
3562
8314
3003
3473
9395
3098
3841
93
8704
8779
4416
7087
59
5571
8016
9389
8192
6407
1763
7558
4860
9425
8073
7924
2733
1096
1510
7957
1212
4533
4605
2494
5652
6033
6403
8869
1709
1733
452
6762
4743
5429
4755
1611
92
8063
4811
8823
3838
9142
2273
9687
5230
475
5995
8894
1324
2980
9276
7875
1602
8049
6950
7785
5326
5971
8661
882
7237
5264
124
9329
7788
8394
2457
5954
2620
1360
800
2419
2180
6853
7324
6388
6507
3325
480
828
2054
5186
1860
5326
7149
2550
4436
1474
173
2504
1043
1775
9890
7690
24
4284
453
2139
5684
3244
4624
8779
4854
9342
7423
7794
7228
1926
9077
112
6434
9457
450
5687
758
3837
6397
1972
7378
8842
2442
3980
1558
2816
8035
3703
2782
1053
5268
3267
3077
3817
5375
3197
8869
1853
6602
4432
6659
2390
6108
310
4508
5167
5441
2649
5875
9779
3822
4271
9706
2801
6008
8822
825
5543
1775
7602
7676
1066
2268
2248
242
2112
4337
1596
9574
0
7795
799
1774
8203
2080
898
3525
3327
8193
7405
3271
502
8979
7215
2024
9838
5831
4134
445
5518
2720
4710
4309
9333
9085
7650
8752
6046
1570
2102
2836
8821
838
2346
9835
9134
3803
9024
5418
7108
3448
9938
5403
4964
8153
6673
7163
8464
9925
6803
3871
8590
6264
5293
8797
8515
3531
2864
7637
8908
623
3526
468
8037
537
8297
1326
1803
3950
7173
2653
2803
3361
6855
3872
6876
8512
7408
8245
161
3816
7101
9772
9657
6362
972
2444
5497
8688
5334
7379
3733
3945
7405
9535
4253
2379
6499
4572
9696
7075
832
8168
7655
3839
1869
4666
325
4756
6365
9230
2829
7506
4792
7908
3919
2804
3640
2929
460
495
8287
6406
197
774
2543
4162
5652
747
782
2856
5672
8147
8656
7802
175
3376
8777
5901
7918
8265
8468
7982
6735
4937
7732
7493
646
988
6880
7983
8450
7839
4959
87
3997
7545
2052
9836
9194
9632
806
4044
6973
3565
5133
5227
2967
4395
6936
8072
1413
8754
4905
1817
2956
5952
2976
8071
9430
4201
9878
1576
3456
5138
5323
2224
8735
790
2894
219
312
5846
4418
2698
2735
4695
5753
9377
8046
7084
9246
6789
4853
8419
3919
5568
4331
761
377
2880
8952
8388
3842
2592
4979
7432
5324
9050
304
2535
7921
6451
5112
4735
2507
4701
3996
3883
4669
4386
4666
5733
2624
8028
203
8592
4107
2133
8905
6900
8695
4723
8236
9434
916
6018
7104
7972
8597
5719
3774
8200
415
8958
5066
8393
6354
4368
6205
2993
4870
2011
9637
7572
985
5872
5483
8885
199
5541
5879
8696
4196
4338
410
2932
5597
6618
73
8304
705
5303
2773
7006
1133
1755
4214
6372
7485
4075
4237
4421
841
6572
151
4112
719
2753
5403
8847
1359
6500
4054
9231
1757
1265
8969
6467
8651
5124
4358
860
5863
283
1379
4866
7844
9260
8857
8897
29
6371
9895
4628
3732
2377
9102
4979
8671
2202
4499
2111
1973
458
2781
4802
8471
7216
6531
4382
3526
6906
7232
4044
6165
6547
8494
9795
7369
5592
9757
2580
5568
8598
1928
164
9021
3659
2910
4252
2621
4088
2767
3043
4935
8162
5409
1887
9748
1945
6099
5062
5275
3163
1841
9822
3318
9883
4740
9801
127
6385
6834
8630
493
14
8534
6189
6685
7004
1843
9304
4258
2364
3798
5898
7447
8707
5227
6606
7921
1618
4821
703
1965
4603
8778
3808
2865
4970
1836
3293
7173
3090
6361
3567
5852
1408
2372
7505
3862
6283
2835
2140
4660
5311
5410
6464
9304
5102
3918
6684
3345
9679
246
9591
8595
7621
155
7854
916
6877
4485
1977
9739
9784
666
2436
9712
7223
8074
2076
18
87
4817
3228
2278
8283
2789
6214
3683
2318
2500
5912
8009
220
9089
876
3514
2981
6172
5135
3377
5053
4762
6259
1275
2475
323
4520
2006
169
2252
7057
4614
1652
6530
7846
3405
8948
4116
8960
443
7852
4780
1117
1630
3853
8487
1848
7337
7004
4195
7738
7677
9825
8991
3144
1991
909
8854
1550
1888
8350
6009
7316
7270
1299
6855
4916
5162
5039
8710
0
1906
4778
3296
1615
262
6076
9761
7711
4358
5242
323
6752
6998
1387
7140
6634
5896
2879
9924
8421
7588
4876
9948
6464
434
1359
7628
8339
975
4588
7655
7770
1154
7307
7764
1181
7400
8144
4674
3861
6467
8662
3462
4853
7003
1300
4697
634
343
1027
7041
6404
8764
9988
1682
374
4544
3607
8969
837
8551
8680
6940
7991
2818
8842
6030
2511
7579
436
4193
659
9570
2332
1899
1393
5064
6482
7058
4349
8065
2157
5750
8859
1357
5673
5846
3214
5699
9194
7100
290
358
6691
3092
325
6371
2534
7514
4181
2482
8327
9745
708
2498
6594
2372
9988
1989
5703
6415
182
1720
9034
8331
9445
4943
2785
6601
5966
5821
1080
4668
8573
6603
4035
1310
7521
1915
4343
9156
114
9542
556
6981
8626
8429
754
1644
8607
6256
8581
1135
4141
929
4698
997
2838
2586
664
2651
7453
5321
8961
3569
2894
715
2406
6101
7067
8476
8589
3867
1542
3044
92
2033
3324
8802
9261
574
2157
735
7074
7647
8733
1819
9265
3592
7941
3194
9254
4749
7869
8269
6704
268
9633
7314
2524
4415
5339
4794
6012
1472
1465
7732
7510
277
2782
9732
384
690
7575
1920
9475
4830
8367
9065
9237
1787
3597
6372
3724
5704
4796
55
2282
3623
678
2699
9378
1279
4256
2611
4327
2162
1622
4909
6853
7586
1319
927
7402
3259
1410
1658
6904
894
7255
428
9307
1778
6801
9772
1585
2898
1737
7559
196
5207
2264
7823
9971
7931
424
2468
1282
2437
1946
1042
4006
4099
9377
7105
2277
864
9918
1375
2309
2763
9811
3797
6667
7481
3416
8952
2312
3288
9139
1815
6418
2128
6312
3767
3565
2457
6789
1989
214
3556
2529
8865
7561
472
5788
1907
1843
1471
1643
8807
1950
7967
3554
6732
7814
234
1383
9724
9460
922
7914
3176
5812
2356
4265
9728
4420
2922
6791
6678
8105
2482
8090
984
2193
6645
2553
4316
6484
5007
2512
7227
9401
9018
4503
8503
7855
989
6433
3013
5286
6945
5472
8984
2076
2538
3427
3489
7047
3010
1007
3206
6141
5333
4929
5979
4519
3096
2120
7573
1314
2425
3415
7174
2043
304
5084
4630
2316
5013
305
2205
7865
2109
4241
3731
164
8330
5800
4400
3943
154
6308
5206
2765
3324
397
7008
1478
4604
7155
589
9862
7283
300
682
53
7463
4526
3929
1448
9084
1453
3006
713
1785
2695
1729
1225
7210
9422
8861
5842
6175
7508
1558
9236
1218
4857
2910
1191
6509
2818
1867
254
9813
6757
8006
7905
9279
1762
8046
7033
1188
8263
5790
4901
3470
8876
2274
30
3805
2206
8292
4455
411
1511
7187
7687
8274
6145
1811
6337
3470
1543
5913
3890
3493
9106
6855
8360
2057
832
3504
1692
2715
4763
457
3681
6802
6423
7312
4905
7713
8278
9621
7716
5358
3964
6349
1677
1691
6536
7222
18
726
307
2156
6632
4121
3987
4117
8961
6516
8778
6241
689
3162
8838
3784
9597
6060
3098
1607
166
3826
6813
8254
7526
4801
8409
8423
9254
2557
2203
6649
4128
7855
408
6359
2478
1386
8444
89
1027
7166
6052
8650
6240
7320
2943
9280
4113
5184
1807
5404
1043
5147
3374
3560
9996
4451
7929
6203
8504
4297
5184
2693
226
5032
9743
4541
9753
2940
2519
5204
1148
4200
9409
9126
4321
4983
7313
9538
9724
5280
4128
9597
1121
8121
3750
6844
8192
5077
9302
6691
5615
3618
7841
6653
2901
1796
7581
9388
9781
972
4334
9261
5178
7875
7311
4097
3969
3135
5679
1091
4581
4629
6339
3395
2263
449
294
1831
7382
8142
9651
4382
5429
3959
9827
4631
5644
8300
1836
9173
8073
1279
7681
3153
4731
5394
7829
2574
9095
656
3481
1761
9605
1198
7937
4486
7048
1415
760
7641
2772
3939
5593
7061
4502
1436
7546
6137
9215
9077
8846
9168
8009
4837
2111
3098
6172
298
9040
3190
2787
5511
8577
519
8113
7651
2670
1707
3700
4707
9642
4267
9761
2227
4890
4092
6655
3292
6116
5187
2513
9298
5649
5563
7015
1876
5520
7361
2114
4344
1927
3736
4118
4454
4461
9831
7930
8857
2057
206
3517
3740
2012
558
6675
5359
599
7207
1038
8840
3833
3913
5946
3533
4755
1882
5246
8450
9241
5489
5412
1894
5785
3209
7450
5223
5972
518
6013
1900
1419
9110
810
9476
9857
4691
18
3924
7725
3800
2680
2915
9134
8663
7298
7008
1423
7897
6773
5513
5624
38
5653
6798
6114
6347
4246
1234
7509
9106
5566
8589
8398
1690
5327
749
917
7154
2215
4880
2365
2716
5552
1816
57
8605
101
9367
3438
1045
3256
483
8133
798
8158
1779
5025
676
7372
8784
3744
7680
5666
468
3987
8029
7187
7086
22
6225
1851
2186
3367
2543
8118
1761
6209
6831
4503
932
3382
345
132
1325
3925
1526
5468
316
4138
6044
7905
6744
2832
6241
3373
6327
6056
186
4316
4030
2932
5946
6423
9940
6474
2404
1394
9824
3225
3958
634
1462
3415
2812
5296
3116
8948
9174
1344
1033
9982
6669
4439
8758
2129
7551
8357
2207
5372
9861
2372
959
2676
6609
7579
8012
977
5245
9505
7393
9732
4237
4481
1411
2546
2376
279
7118
5518
5612
7256
4581
1895
5675
4893
7941
6398
4497
12
3917
4129
8567
7180
1413
8384
7725
8863
178
8863
3629
2741
6108
6811
4152
6253
5691
6412
1295
3934
2353
2416
1866
1383
3022
2430
2136
819
4073
8530
9936
7079
2038
6975
286
9665
5915
6631
3510
5959
4759
6470
8026
3114
6316
9963
3524
1250
9930
9548
4071
8613
9675
7470
4837
103
1715
245
614
4203
3300
2750
9055
9762
9433
4529
6646
3280
7290
5271
861
9438
7749
8632
7602
2415
8010
3567
9116
3235
9233
169
3870
8854
8337
2646
6535
1987
3702
5514
3205
6779
330
334
4218
4348
1262
9418
4579
3940
8492
9779
9834
9996
8456
5334
3513
2769
4286
7847
735
301
9438
7440
1433
2559
5072
1635
5808
4297
6590
7819
4073
1829
3129
7819
2327
328
7487
4791
6489
2455
2922
2083
6623
6206
7634
860
4697
9693
7281
8334
9838
3240
882
1256
6496
4676
5657
9939
2567
1974
1936
6558
6499
8493
120
7719
4669
13
7880
5355
2921
9457
7254
1909
9039
4756
8117
5442
6159
7654
6627
7827
631
6413
4655
4513
1702
3381
8992
7463
4516
9139
7137
3838
2414
8578
9879
1735
9272
657
9540
891
7724
2837
6753
612
4489
3196
7956
9413
9769
8121
395
857
3679
1120
1364
7885
9022
8761
3666
3600
6383
3083
9806
9879
4446
5858
3333
6470
5760
9072
6896
2285
5717
7673
3103
7517
451
5180
6052
9859
7549
128
8541
652
2002
1466
2388
7101
8667
3994
7034
4818
1643
761
4665
918
460
7886
8457
1640
2704
8751
4220
52
2856
8663
4723
8760
7457
8212
291
9763
7463
3326
8859
8596
9685
2734
3644
2719
504
9031
6787
4751
6754
7786
2924
9600
594
302
7472
790
7476
9482
636
5362
8901
5055
9595
8619
4568
3892
8179
9661
1714
3539
5422
6196
2978
2252
1841
2402
7975
6776
5027
6785
7878
9928
4169
7889
6810
3631
6541
4503
8606
9474
7629
3564
2580
8084
581
3359
7358
654
9978
1793
7527
826
9531
9540
3901
2762
3244
5691
4512
1774
4834
9145
113
7101
745
2461
4922
2601
7967
6115
629
9971
9058
212
9256
895
3250
7564
8383
9018
4339
6746
446
31
3165
6265
6345
8290
4929
1284
2451
1382
9344
2486
9225
9862
4643
2606
9150
7941
4890
9928
1444
2373
3659
9591
1092
982
6196
2979
170
9326
6437
2615
123
3847
4925
5017
4680
2513
8550
6809
4449
9462
3316
9976
5868
8403
6881
632
9152
691
8484
1922
2167
7854
64
5740
9719
5117
3863
9846
689
1994
8606
6643
8609
8363
8483
7414
4854
9634
6590
1101
7402
2555
7211
9889
2321
4047
9394
4759
9569
9009
7656
2969
9480
9482
4303
5983
1402
6780
1869
742
1331
249
3474
9380
1145
1132
3529
2509
8000
7742
1129
8975
8858
8563
3756
692
1711
3239
9412
4526
2063
7478
1240
4546
491
6839
9816
6948
4702
6095
4822
6916
7393
5378
9600
1328
9451
1717
9217
3754
6536
4689
5098
8505
5935
7937
7024
8627
9745
4044
6353
8687
9863
8908
2699
6945
81
3140
9966
3095
646
2256
6649
7131
1048
4473
9603
2093
7523
4755
115
8462
2772
6457
6041
794
6738
7351
3999
7807
8937
5138
1199
5612
4802
8650
7316
9989
764
4849
3044
7742
5394
8464
3415
8996
6831
668
802
2035
9917
5511
4650
9770
12
8025
2374
2255
4269
5887
8657
2801
5334
7304
8388
6190
6859
1398
1897
6246
5034
3802
9782
6591
5401
9354
8643
2809
9612
5892
8349
6421
2544
7934
6055
1103
6156
6740
2147
9385
2853
3719
8528
3719
7749
7424
195
9227
6198
496
6967
6737
225
1824
3361
3750
5085
930
1143
7891
5078
6107
863
2070
5960
5214
5817
3132
9808
8184
4301
6038
7045
3289
3778
3802
9488
4978
3618
9344
7716
9744
1463
9152
5859
7850
1921
263
6993
2996
5327
1426
2711
9055
8566
6509
1158
2841
9626
3245
8872
4549
2428
3200
3050
2993
8773
9513
2578
1031
9762
7386
8075
7709
9936
8565
3502
7542
3573
5131
4469
4086
4036
9799
1263
4501
3918
9621
7858
4157
5820
7504
1665
5499
1034
1270
2640
3363
6159
3118
4493
9733
5723
3311
5247
4525
2248
642
9119
5410
3906
8841
6815
8898
3861
2433
6740
6977
4750
7793
5296
8417
6332
5109
513
1541
4293
4828
9566
5745
3428
7781
7388
2311
8976
1599
559
1206
5768
7358
7923
9427
5997
9388
6962
8222
2964
8128
2877
1028
9899
572
5519
1344
139
5361
7856
9899
7313
9918
8479
3483
1991
5147
9823
3563
4257
9150
3227
1448
66
5207
1735
8157
2923
803
1634
1377
1401
3897
4117
8954
7347
9810
9176
8184
9209
7127
4856
2877
9892
3815
6343
5602
8757
5431
995
851
2948
5682
7400
5937
4118
5918
8830
363
2768
4180
4013
1139
3947
6306
1091
1055
4848
1318
3803
9267
6946
799
2493
8730
2778
7308
6351
2985
194
10
7462
5599
4963
6634
1704
9158
5997
9664
6297
7134
6134
1195
8907
1171
5412
5309
8593
8374
3070
9012
4621
8058
9140
2761
5176
5036
6431
9472
4341
7061
8913
6503
2375
7283
3131
8566
1276
8699
5070
778
4890
6504
6152
137
415
5959
8471
591
6064
7944
1225
1571
7825
1718
7415
2349
6842
4561
2279
4940
7715
982
2731
6365
7208
9927
82
7059
2314
7057
6702
5966
6379
564
991
4433
2094
3242
3979
401
564
530
5209
1578
6371
4158
5171
1314
9560
3630
6481
3687
6849
3304
6249
4975
5981
1097
7632
7115
9110
5947
9444
5016
3408
5091
8864
3671
9621
8942
3798
2890
2258
872
8229
7179
8274
1599
6037
5787
4636
2998
6187
3296
9017
4174
4920
4219
1992
3395
8667
6057
3596
3107
4737
4015
1847
1659
5545
7126
5966
4598
6119
9954
2387
433
3945
6227
7393
624
4817
741
6216
1215
8294
3742
4799
4005
1626
7582
7048
8453
1529
8933
7381
1607
9109
1063
5642
2262
4372
9786
9052
7295
3280
3565
3751
2637
2101
2935
6724
8739
933
6951
7387
500
711
4658
7002
4663
5747
7737
3188
3428
6898
6411
6298
1651
8867
4479
4175
6433
8762
880
1923
2098
2096
4615
3687
622
6661
7029
4193
7425
4378
463
8786
5104
6114
5121
2075
3146
4732
6627
6915
9995
7180
5183
7437
4889
7299
3522
2112
863
7217
4896
5412
6984
6672
4249
9547
7474
6443
5392
944
7701
4161
4549
9698
2185
8208
5917
4025
7765
8176
8059
5924
5841
8389
863
8694
1221
4372
1597
1757
1519
835
5116
3304
270
3732
7706
6676
8980
8256
6220
2132
8174
9253
4178
1662
5176
487
4325
833
6829
4389
2789
8330
8661
4535
3392
806
8102
8924
1974
7911
8264
3321
9632
4
549
441
656
8891
8866
2530
5671
214
5601
2037
2972
4576
9651
7494
1387
3367
9822
9467
6111
4397
2651
4506
4931
1896
2352
3367
5997
5219
1976
3494
9880
699
9120
4721
8039
1459
6545
1456
7013
738
7940
4251
2675
5296
1695
8578
1685
6804
1087
8869
7943
766
7500
1453
270
4511
4460
880
3798
8026
4167
301
1659
4033
4917
8082
5399
6578
7359
9618
2279
635
9913
5440
5110
8745
8778
4158
5616
4541
6011
1484
5417
7185
9887
4676
9719
5166
5392
5109
7507
2731
9104
322
8657
7262
1945
938
2727
1351
5323
7127
6411
9013
1058
3901
6647
1511
3117
4481
4169
4614
9701
6205
7966
5733
7477
4008
4518
6382
5899
2364
6973
2640
8425
7782
8483
3929
9209
432
795
8270
8370
5261
3917
443
6288
129
5161
7957
7551
878
6200
8612
8166
1006
4912
2557
5409
6701
4729
1229
8320
6313
7967
5320
8258
7063
1182
4024
3147
756
9996
8190
6097
4590
8017
754
8946
2768
9500
8817
3906
9530
8204
3093
2005
4505
5553
2090
5294
6807
9644
366
891
5186
2902
2452
8846
7710
270
6653
2560
5976
1682
5807
5
5622
2296
5321
6364
7054
1445
2307
3866
7725
6595
3503
2580
45
1753
3790
6712
7069
677
1583
4552
1464
4042
2184
6658
1941
6252
5204
6045
5353
2000
7643
6246
1929
4852
9858
7915
5765
171
7721
2342
2616
2479
589
705
2261
3027
1358
1198
3300
6772
1842
2253
4082
9216
3985
9014
4660
2654
5011
1926
1165
8231
2517
866
5786
4948
3709
5577
2668
9216
1541
3343
2484
8930
9314
7823
6155
4133
4477
8745
1270
2300
1817
759
3125
33
6000
1201
5964
4542
3524
686
9031
7630
4528
7551
6305
2162
5639
6981
8464
5936
6039
8340
496
765
277
9690
8666
5156
3031
6791
6092
7458
2934
4960
7025
2591
4901
6095
6155
9551
2969
9899
729
8760
8531
7868
71
8037
2124
975
9240
3474
376
7141
963
6819
3627
2555
2745
4096
3842
1720
4104
1173
6916
4675
2257
693
8243
6277
3246
1412
5519
1660
9523
5331
8118
4012
4272
232
8140
5678
7410
5222
4211
1256
8104
4721
5478
1843
3924
1959
9892
2850
7257
6500
7820
3960
5539
1558
9315
8654
2975
5972
959
2518
7984
2541
6095
4049
2341
9173
461
9033
5167
1781
3803
9770
7303
8172
6825
3335
9391
343
2054
8929
9997
8521
6580
2913
8526
4036
4494
1577
1311
9725
6852
5909
8310
5909
7460
9659
2086
7202
3443
1871
430
426
612
7706
8869
6713
4964
6853
9561
1526
3321
7131
8651
4750
8048
1983
5010
9318
3101
4464
9469
834
1201
7085
5150
2618
4882
6383
6322
226
7318
3460
5289
7067
2407
6901
4297
8010
7402
2437
2149
1051
5534
4549
3311
8029
534
8775
617
4151
9751
9911
1412
2658
7623
545
929
5348
6682
6363
6016
1874
8984
9568
6953
717
6865
9371
5024
2621
8278
9030
8742
2822
8610
2188
2221
1931
7848
7356
5002
6551
9211
8320
3869
9774
3007
9970
3663
8619
7307
3592
5909
137
5298
3016
1199
449
7678
3181
3694
1278
7274
5659
3870
6681
2273
1461
8659
8658
3840
66
6548
4015
3749
5014
8838
6510
7686
655
7288
7622
310
1652
2661
6528
8865
6734
8315
4861
3153
816
7916
4655
1039
5117
6579
8507
278
3183
322
9443
9442
1817
9564
4233
2987
9854
8602
7960
8098
4434
4482
9564
3833
3962
5480
7727
6328
9322
1553
4039
7319
45
6520
5652
7095
141
4506
2794
7143
9061
1214
7452
2209
6906
3980
8303
6262
9364
3232
3521
1957
7120
1981
7503
8578
6520
9260
9734
9164
3101
8073
4021
3530
7299
8324
4165
261
2100
447
7745
7377
5696
6026
3181
8360
8321
7546
6443
7470
1343
602
2906
5914
8432
8408
6684
8292
3149
212
4517
6969
4673
2390
3759
566
3529
3385
4360
1564
2170
1431
2859
7208
1070
7026
2358
7317
9544
530
6205
2425
1991
8898
4680
5729
4426
4593
3379
2741
3241
4004
9164
3253
7980
2322
4580
1238
2584
6768
4455
9661
5023
293
9017
8811
3543
3437
6344
8750
8861
2912
3183
8713
5524
1624
7280
8931
2431
6395
6227
3192
1998
6391
7534
3729
9854
7437
2153
3493
2078
4797
8988
4746
5000
9745
1072
7038
3349
3330
5033
2113
6166
4085
4234
8042
6293
5118
2542
9986
8474
22
66
388
3181
6350
4405
7105
8079
2
947
4015
6757
3822
3597
4974
4800
8950
2934
8644
6585
8002
2250
8691
2273
5051
3182
1098
3406
8555
1723
7966
7220
9859
2277
5029
4351
1721
2127
8374
1945
8426
1198
4330
4367
1474
2293
5374
6658
2594
5161
4020
1710
8863
3656
6134
714
3115
9040
4898
7844
6462
4033
6711
4395
8783
1616
752
4612
7333
9771
4608
5308
3213
8370
9409
4031
428
7239
9265
6027
2454
5046
1415
8539
6823
7145
5506
2054
9089
6715
2643
2082
3725
7655
7497
1724
994
9559
9605
4861
5645
4779
3245
2142
5405
5119
8773
7107
4659
1020
2171
7762
1476
9205
3672
9732
4172
5746
817
692
6983
224
6072
2209
3101
3272
4202
4360
7327
4134
29
524
9877
7115
2881
4599
7529
5753
92
566
8205
1422
8240
4796
346
8663
7450
4795
8971
3022
1074
4172
6204
8411
317
2544
5224
91
972
815
3084
6260
7335
6806
9648
5916
6563
3563
7048
3200
5295
2857
6428
8708
9157
9328
6560
6443
4956
6568
1930
969
4813
4984
6257
3150
1252
2758
1120
4374
2385
5395
8348
8588
6682
6434
9110
8643
7580
1710
2306
8464
9170
2277
9767
5391
5561
6503
5997
7656
8174
224
5799
424
7144
4877
3936
69
5352
7492
7212
455
6120
3128
814
6834
8559
9899
7578
2727
7751
9063
975
2595
465
7841
6
8510
963
590
6993
2087
5589
4761
7247
3954
9294
1662
3026
1755
2044
8476
2832
4271
8123
7195
1101
3623
6760
8204
2673
9725
8218
1047
1001
1148
5496
2649
9029
4406
8158
3667
6911
9281
1423
6995
1251
1266
645
8519
6500
3470
8559
9148
230
9386
268
8867
584
4820
8862
8103
5951
1967
2737
9048
4054
1145
4250
9758
81
5998
8143
6804
1214
6134
7355
8056
7981
7101
3275
5803
1212
1363
7287
1775
7085
5518
531
9931
1710
8373
9206
9850
1039
1708
3470
3468
1476
541
8986
549
1526
2556
1537
3739
5040
6981
6758
2382
2180
1641
9000
5353
5099
3186
5633
7070
1513
9560
5649
7625
822
5649
4376
7440
4270
2778
9274
9284
2724
185
5339
5596
3111
1980
2489
7065
7269
6181
1420
9213
5054
3401
8917
7296
6878
1501
8364
6311
9580
9109
6289
2067
3483
5273
1175
1355
7817
4731
6492
4101
6320
8284
5925
8036
4720
5572
5100
6912
7100
3208
777
6583
8654
4636
5439
9356
8238
9398
2471
5962
5307
8493
4716
6190
2294
9463
7103
3808
5331
9497
2247
8713
3299
7362
6446
9439
7640
5314
2338
2122
3121
235
3641
7817
2762
9239
6844
8660
8545
8705
4516
4791
3183
7290
4954
8170
7222
2872
3339
6484
72
532
229
155
3154
3730
4287
8176
8315
3639
7452
3939
4880
2227
2427
525
4274
3143
4310
6042
2033
702
486
3488
3175
1360
5456
6362
8418
3922
217
789
5543
4468
8989
7263
2285
9442
9628
288
4611
5713
7891
2184
6961
9525
9882
8094
9088
7217
1458
2853
7505
9336
8151
6787
8235
6367
4270
6726
1540
8645
5206
592
8631
5265
2729
8730
4946
6763
9040
2856
4571
4206
1716
3941
5554
2936
8316
3684
6485
2671
6392
268
527
6930
1914
8083
4312
3805
6702
2763
5577
7020
3387
7466
5234
858
4593
3662
6692
5127
1596
9868
7677
6568
6521
4737
7526
1319
1325
6721
6015
8956
6244
1087
8129
2396
163
6551
2864
9525
5484
7947
3170
1808
431
8439
8401
2312
2458
4635
327
606
7466
591
8612
4803
844
2224
1996
1673
8027
1892
6885
4161
4209
4050
5999
1952
5129
6768
5862
4755
3442
652
3432
9894
8080
6231
8966
5467
7224
3250
4347
7865
9027
440
3516
7750
8087
2358
4406
1729
9783
639
9838
7917
9091
636
8183
2332
5236
827
3303
9634
8657
1589
7275
6124
2125
2004
8680
5093
3606
8193
3896
4634
4465
4344
8745
5851
2930
8085
3092
5031
9430
5152
1543
6796
7340
4377
9279
6499
9958
2961
3221
9229
2137
3734
5231
9641
2881
601
5849
1539
3429
5790
4204
8663
3877
2617
2138
8431
247
520
8359
8531
3010
4866
1477
2209
7598
2655
9140
1857
7166
6660
4196
2067
7977
4761
7769
2725
8172
8295
3466
9882
1409
3063
6540
7190
7877
9330
6766
3473
6524
2630
4051
2671
3994
5451
1309
812
7734
1020
63
967
2989
4289
360
1155
6030
1974
8125
2128
8802
3029
9850
1579
3454
3285
6657
8901
8695
3175
7203
9892
3771
5415
1624
3973
17
310
6788
7402
4390
9987
6492
4756
4164
9211
8913
7510
7070
9739
7620
2916
6539
7163
1775
8616
7451
4042
5741
8393
3786
838
8276
2311
5942
6587
6718
130
2099
4571
2124
317
5019
4348
7217
8234
2888
401
128
6179
459
9413
3482
4803
4592
2715
110
161
6555
7784
3857
3141
1931
2864
6332
8336
7849
1756
8230
7590
6382
1581
6877
9340
2429
4978
64
8704
4176
9570
9864
4772
4314
1779
9169
992
590
9112
7949
1711
4984
4885
5894
2953
1839
2034
2994
8333
6580
8111
9886
1642
8351
1901
5337
6096
1820
3139
9099
6474
5709
781
4573
4479
8171
1975
7193
9510
2057
3423
1251
6744
6308
9199
17
1943
3253
4223
1420
7701
5411
599
4314
9012
9566
4801
8413
6955
328
7289
4322
8074
191
2569
8810
3603
8152
6927
4439
7049
4395
3115
1971
870
4239
6116
8612
2983
553
1780
5066
1650
226
608
9613
2943
6890
2252
8015
8429
9066
2389
3865
1964
204
2560
5246
3578
4631
5281
9990
5301
1363
1289
3695
8481
5924
3119
1732
4676
8858
9389
8944
2473
8433
7148
8430
784
4219
5421
3939
5076
7663
1709
8691
6752
5557
4591
7175
7502
2402
9833
5449
9797
8049
4426
9776
1901
7736
2839
3047
812
2632
2444
3381
9325
375
535
9527
4084
6707
3667
3254
9899
1306
1133
9787
1901
