8683
9003
7867
4926
4250
6355
4483
8721
3378
8633
8574
3074
6941
7308
7320
431
2338
1427
8875
7821
1441
3180
5523
5690
3252
5094
2219
9215
9583
9224
8705
7271
9447
3984
7273
2184
621
7428
2342
4173
4915
6740
2538
8037
7000
2422
685
6001
5380
2277
2251
9921
8066
4648
8160
8036
4809
2569
3607
6351
2377
513
549
2369
9306
3220
7849
9403
1769
1745
9747
2938
2783
5295
256
6685
2857
8692
8370
4822
1321
4385
6573
8677
4125
4779
3012
653
5655
5397
5925
5534
9271
1859
7447
9476
3673
4014
2741
9983
9971
8672
9550
5938
7363
8345
2750
5380
3729
7160
8232
125
1102
6696
556
551
4973
3834
9186
930
725
9980
8870
5516
61
5950
721
8283
5267
9708
1901
4686
9367
4700
3480
2093
5800
5062
7967
6651
2104
155
331
8275
8287
5018
8866
2147
2051
5181
5216
4690
9848
3985
6026
4308
4849
8060
2253
2359
374
1958
6000
7811
29
6033
8870
9810
3890
2645
324
6006
3434
4506
9277
892
6576
5551
7287
7633
8205
9132
7045
8925
879
490
5649
7239
4988
503
8098
2528
7611
5513
2850
5883
4532
3675
7892
982
459
1716
2741
1236
8334
7256
9091
9467
9814
911
385
8683
5508
9282
8502
7047
5338
4639
3962
7514
6531
9605
4578
2731
9178
5489
6315
8828
7029
1022
9277
7477
4252
4223
1189
4221
7280
3877
552
2485
4501
8656
1677
6898
5586
1347
4278
6632
6542
2784
942
9267
6176
5158
6892
8397
4627
7141
7730
3658
4822
3944
2547
135
3318
3841
1728
5240
7808
8975
1052
5038
4800
2309
6295
8746
2436
4499
5410
9659
241
4147
8617
3119
9718
2391
219
7315
7112
8142
9815
654
2435
3376
4747
262
6892
8871
47
9771
4206
9515
6955
951
51
4886
6150
2991
7750
5208
7255
5258
7752
4959
1851
4236
2991
6428
3315
3000
2158
3358
3092
2045
8185
407
9669
3625
9781
7641
3510
7806
9717
522
8441
7398
4776
4922
7605
622
8738
3580
9972
4955
1595
5118
1638
2886
5318
9251
4627
562
8913
2123
4800
3189
3255
3866
9580
6943
9250
6405
5689
5653
1230
3301
6869
2018
1191
4994
1631
7289
8450
2188
1497
413
3625
7338
892
7493
5457
9167
886
5077
3913
8014
314
6259
3266
411
9455
6884
4406
9748
3413
240
6485
6149
4623
2541
4216
2746
6482
8231
8596
7420
3024
3678
5671
8796
2740
194
52
2765
8219
2457
7340
1125
7058
6420
2350
7113
3702
1560
8081
3479
6304
5929
3764
7566
7470
8902
8985
4418
2857
5709
4873
3307
6981
9924
2666
5287
1311
4898
4573
9382
5748
2815
1782
2846
920
513
9722
6553
5390
4516
1220
38
8819
3817
4091
1968
9413
7861
854
869
1565
8939
4782
7870
7513
2695
8287
7870
5027
7842
6771
8069
1693
6338
3491
3136
5173
8235
8750
4398
7983
1231
9763
6394
4794
3542
5928
7901
43
123
7913
6100
3694
6522
