4607
6151
3214
3017
4273
3488
4726
6788
67
9767
8752
7054
2374
1270
660
8049
9811
31
2283
6820
4193
4969
7272
7082
9291
752
4784
2794
5441
8646
1768
15
8600
432
2077
152
4216
1202
8763
5043
3408
9350
4519
4516
1412
2389
4015
10
5937
5371
1041
3652
6188
4615
2849
799
1648
3237
3832
5442
3407
6516
794
2117
9802
4544
2449
5011
2480
6777
6492
4788
8554
8143
8649
6341
9512
9163
9396
6153
7749
3183
5727
6228
7159
2263
7315
2676
5086
9535
8646
935
9135
9897
1340
6357
3807
2812
3758
8399
8758
677
8177
9063
2581
3714
9401
1328
3455
7699
2447
1364
741
3931
1152
9053
9657
1836
3974
4985
4553
3323
8043
8485
4968
4611
7619
477
2655
5607
8506
7019
7056
9129
5670
4199
1358
2275
7363
2751
1145
44
5365
1224
2953
6979
7627
9841
555
6030
6550
3260
2699
5091
3411
9400
7181
750
7040
3198
2651
5683
2744
8720
1334
778
5703
382
2992
5649
1562
4232
2857
1464
5815
3198
4038
8182
2688
6010
7934
4222
3729
8099
4575
357
6065
4206
8493
1200
377
6648
4692
7019
9052
239
3639
5830
5676
4702
3777
729
8062
8109
5007
220
8347
313
6841
9975
5328
3677
464
2864
6201
9475
4829
382
7094
2268
3077
2662
4433
1297
7085
6150
2018
7444
4739
7710
1954
6714
6638
1444
1070
6302
6402
9838
8307
7337
1464
3955
2724
9150
9296
8387
6200
3539
7402
5379
9723
3907
4068
9184
7206
3384
874
6013
6214
8082
7259
7205
653
6494
2082
3221
6538
3687
7010
3890
8261
9467
1844
5979
9464
2925
2437
2600
9548
1932
7727
229
4159
5019
3578
8182
5556
4855
7655
2277
6678
7022
1315
9122
933
5195
1643
9949
8269
3961
9210
3269
6906
3504
4821
3742
9279
6177
1645
593
191
3583
7425
2693
4949
4195
5197
8965
5370
5791
9907
2186
1889
3994
2648
1432
786
8105
3830
3437
6517
8014
1558
5960
485
1540
1715
6870
9268
9757
1805
1133
7242
9025
1505
4123
833
2341
9011
3765
4228
9338
3807
5896
9248
3842
3261
6923
5334
200
2573
5384
9095
4795
5046
9319
6706
7136
2393
9507
6628
5683
2821
9567
4525
7196
8058
2677
7096
4793
9107
1257
6571
9143
4556
311
3056
9261
4553
7351
7613
4206
8172
1836
4973
4686
1860
4848
1159
4006
1845
5404
7883
1139
3993
3222
2613
4747
453
9032
421
5942
3584
2589
1364
9282
4201
5423
4993
6042
2951
91
1865
1152
746
154
388
5365
6641
5470
6227
7197
9254
5502
613
4964
911
9306
3368
7848
2042
4597
6246
6350
7064
9901
2264
6694
1956
3148
7095
822
8049
7283
9335
3427
6173
8471
7441
181
242
5303
2507
6772
9572
8028
7679
6648
4832
5307
6985
6497
3348
2222
8614
2368
5701
7359
285
6110
7025
8668
7231
1320
3239
7489
6554
337
4547
7661
5205
9019
5994
1938
2722
3989
7587
1075
3956
7828
4568
1895
1532
1324
1767
9417
2529
8258
4688
4674
8966
7488
3925
4262
7089
9087
8851
9837
6135
6162
1117
5797
3328
1672
8458
1214
8142
9987
4499
7696
5560
6280
871
8322
4990
2897
3766
4061
8806
809
8273
3130
2035
5943
307
5651
2644
4747
7779
675
62
714
9740
5116
8132
3707
4692
4491
7495
6964
6990
3486
1574
2412
3316
320
9794
3534
9577
2616
1428
6461
2260
4106
3574
4175
7278
829
7145
5744
3627
2723
5483
2390
8824
1483
1225
4838
8005
8426
8385
1861
8798
6677
8281
8262
9689
505
9877
1602
397
839
7401
918
9030
108
689
7410
2225
1409
6590
6581
1333
6717
3000
3731
9780
6352
596
9790
4220
7251
1209
2540
4790
719
5888
8990
7868
1275
206
8330
8085
6996
9100
1272
5039
8288
8671
820
4137
6453
7704
1573
311
5567
7456
9479
7962
1228
4223
1676
433
7547
5571
6471
7531
9371
7759
6870
210
213
8827
7113
7357
7575
9132
618
836
6473
8667
9465
1424
8815
8420
79
82
1002
1235
7134
6123
4635
6177
7856
6273
5518
9201
1909
6360
4292
2137
7789
436
7982
1404
5318
486
5497
7682
5177
3570
1688
7843
717
2244
3976
853
4259
8413
2722
44
7
357
1571
5222
8316
7660
6766
9367
1577
8958
5120
6383
237
3014
8732
8264
8591
4499
832
2369
3915
1999
1185
2049
9197
7323
1384
6784
9309
1945
50
1209
2781
8546
5478
5922
6529
3069
8572
6794
8850
5424
2072
3691
6801
5046
2996
3930
7666
871
4008
604
658
4001
5962
989
4203
5277
8291
5635
6207
9335
6081
4466
9566
1309
2703
2244
2830
2284
4664
2081
6434
4848
1019
2331
8164
649
3092
9169
7668
7727
1529
4434
8715
6584
6797
5883
9644
433
6090
4949
6961
6885
4331
5247
4454
5449
9456
3659
283
7663
2495
4611
7548
4378
1087
7363
9593
7845
1023
5533
9921
4535
4182
7905
7997
8395
2766
9636
6468
3157
9156
3368
2349
6680
7889
480
4581
9902
1280
3747
3049
7893
3022
3975
9605
798
4732
4879
9938
7942
8877
2393
6258
9307
7755
6910
4633
4728
2272
9502
7601
2667
6178
6110
2164
7224
1068
6871
5675
4178
5011
1304
7257
4255
2977
3884
396
4595
338
8721
3123
7420
1730
6489
5821
8293
6245
1544
3094
5039
6570
2250
5370
2364
4004
2950
7959
6569
3554
1700
120
9317
3239
3938
4372
9380
9642
8582
6771
6538
7300
9716
2142
2315
3041
3966
4374
8182
7577
957
805
2949
5790
1831
1440
7650
3975
8699
8293
7957
7058
6112
7510
1329
1273
4179
7063
8510
8129
1768
5817
6742
3613
7401
5550
5107
2558
4914
6106
793
1812
710
5275
8759
7467
9546
9244
6250
760
6178
6469
7948
4464
905
7707
7145
6604
8081
7577
3256
1150
8009
8546
6248
5959
4254
6464
4097
6715
412
7937
281
1860
2624
3703
4459
7563
6707
8915
1036
3701
1703
786
7061
1481
4823
6393
